    1.000000     0.000000     0.000000     0.000000     0.000000     0.000000     0.000000     0.000000     0.000000     0.000000     0.000000     0.000000     0.000000     0.000000     0.000000     0.000000     0.000000     0.000000     0.000000     0.000000 
    0.999645     0.000355     0.000000     0.000000     0.000000     0.000000     0.000000     0.000000     0.000000     0.000000     0.000000     0.000000     0.000000     0.000000     0.000000     0.000000     0.000000     0.000000     0.000000     0.000000 
    0.998580     0.001414     0.000006     0.000000     0.000000     0.000000     0.000000     0.000000     0.000000     0.000000     0.000000     0.000000     0.000000     0.000000     0.000000     0.000000     0.000000     0.000000     0.000000     0.000000 
    0.996813     0.003157     0.000028     0.000001     0.000000     0.000000     0.000000     0.000000     0.000000     0.000000     0.000000     0.000000     0.000000     0.000000     0.000000     0.000000     0.000000     0.000000     0.000000     0.000000 
    0.994353     0.005556     0.000084     0.000007     0.000000     0.000000     0.000000     0.000000     0.000000     0.000000     0.000000     0.000000     0.000000     0.000000     0.000000     0.000000     0.000000     0.000000     0.000000     0.000000 
    0.991212     0.008571     0.000192     0.000024     0.000001     0.000000     0.000000     0.000000     0.000000     0.000000     0.000000     0.000000     0.000000     0.000000     0.000000     0.000000     0.000000     0.000000     0.000000     0.000000 
    0.987407     0.012159     0.000364     0.000067     0.000003     0.000000     0.000000     0.000000     0.000000     0.000000     0.000000     0.000000     0.000000     0.000000     0.000000     0.000000     0.000000     0.000000     0.000000     0.000000 
    0.982954     0.016272     0.000608     0.000155     0.000009     0.000001     0.000000     0.000000     0.000000     0.000000     0.000000     0.000000     0.000000     0.000000     0.000000     0.000000     0.000000     0.000000     0.000000     0.000000 
    0.977874     0.020865     0.000921     0.000312     0.000025     0.000003     0.000000     0.000000     0.000000     0.000000     0.000000     0.000000     0.000000     0.000000     0.000000     0.000000     0.000000     0.000000     0.000000     0.000000 
    0.972187     0.025892     0.001291     0.000565     0.000056     0.000008     0.000001     0.000000     0.000000     0.000000     0.000000     0.000000     0.000000     0.000000     0.000000     0.000000     0.000000     0.000000     0.000000     0.000000 
    0.965914     0.031316     0.001699     0.000937     0.000113     0.000019     0.000002     0.000000     0.000000     0.000000     0.000000     0.000000     0.000000     0.000000     0.000000     0.000000     0.000000     0.000000     0.000000     0.000000 
    0.959076     0.037104     0.002118     0.001444     0.000207     0.000043     0.000006     0.000001     0.000000     0.000000     0.000000     0.000000     0.000000     0.000000     0.000000     0.000000     0.000000     0.000000     0.000000     0.000000 
    0.951693     0.043232     0.002524     0.002096     0.000351     0.000087     0.000015     0.000002     0.000000     0.000000     0.000000     0.000000     0.000000     0.000000     0.000000     0.000000     0.000000     0.000000     0.000000     0.000000 
    0.943783     0.049682     0.002893     0.002884     0.000556     0.000162     0.000033     0.000005     0.000001     0.000000     0.000000     0.000000     0.000000     0.000000     0.000000     0.000000     0.000000     0.000000     0.000000     0.000000 
    0.935366     0.056444     0.003207     0.003793     0.000829     0.000280     0.000066     0.000012     0.000002     0.000000     0.000000     0.000000     0.000000     0.000000     0.000000     0.000000     0.000000     0.000000     0.000000     0.000000 
    0.926458     0.063513     0.003455     0.004793     0.001172     0.000453     0.000123     0.000026     0.000005     0.000000     0.000000     0.000000     0.000000     0.000000     0.000000     0.000000     0.000000     0.000000     0.000000     0.000000 
    0.917075     0.070888     0.003636     0.005848     0.001580     0.000692     0.000215     0.000052     0.000013     0.000000     0.000000     0.000000     0.000000     0.000000     0.000000     0.000000     0.000000     0.000000     0.000000     0.000000 
    0.907232     0.078570     0.003754     0.006920     0.002042     0.001003     0.000354     0.000096     0.000029     0.000000     0.000000     0.000000     0.000000     0.000000     0.000000     0.000000     0.000000     0.000000     0.000000     0.000000 
    0.896942     0.086560     0.003818     0.007974     0.002542     0.001387     0.000551     0.000166     0.000059     0.000001     0.000000     0.000000     0.000000     0.000000     0.000000     0.000000     0.000000     0.000000     0.000000     0.000000 
    0.886220     0.094858     0.003845     0.008978     0.003059     0.001837     0.000817     0.000270     0.000113     0.000002     0.000000     0.000000     0.000000     0.000000     0.000000     0.000000     0.000000     0.000000     0.000000     0.000000 
    0.875078     0.103461     0.003847     0.009913     0.003574     0.002340     0.001159     0.000417     0.000207     0.000005     0.000001     0.000000     0.000000     0.000000     0.000000     0.000000     0.000000     0.000000     0.000000     0.000000 
    0.863529     0.112361     0.003843     0.010766     0.004069     0.002875     0.001578     0.000610     0.000358     0.000009     0.000002     0.000000     0.000000     0.000000     0.000000     0.000000     0.000000     0.000000     0.000000     0.000000 
    0.851588     0.121547     0.003844     0.011538     0.004530     0.003418     0.002071     0.000849     0.000592     0.000017     0.000003     0.000001     0.000000     0.000000     0.000000     0.000000     0.000000     0.000000     0.000000     0.000000 
    0.839268     0.131000     0.003864     0.012237     0.004952     0.003945     0.002633     0.001128     0.000937     0.000030     0.000006     0.000002     0.000000     0.000000     0.000000     0.000000     0.000000     0.000000     0.000000     0.000000 
    0.826584     0.140697     0.003913     0.012876     0.005332     0.004431     0.003251     0.001432     0.001421     0.000050     0.000011     0.000004     0.000000     0.000000     0.000000     0.000000     0.000000     0.000000     0.000000     0.000000 
    0.813552     0.150610     0.003997     0.013474     0.005678     0.004855     0.003914     0.001740     0.002072     0.000082     0.000018     0.000008     0.000000     0.000000     0.000000     0.000000     0.000000     0.000000     0.000000     0.000000 
    0.800188     0.160707     0.004121     0.014052     0.006002     0.005205     0.004614     0.002027     0.002913     0.000128     0.000030     0.000014     0.000000     0.000000     0.000000     0.000000     0.000000     0.000000     0.000000     0.000000 
    0.786510     0.170953     0.004288     0.014628     0.006319     0.005469     0.005344     0.002268     0.003955     0.000193     0.000047     0.000025     0.000000     0.000000     0.000000     0.000000     0.000000     0.000000     0.000000     0.000000 
    0.772537     0.181311     0.004499     0.015219     0.006650     0.005647     0.006103     0.002440     0.005197     0.000282     0.000071     0.000044     0.000001     0.000000     0.000000     0.000000     0.000000     0.000000     0.000000     0.000000 
    0.758288     0.191742     0.004753     0.015837     0.007018     0.005740     0.006896     0.002527     0.006624     0.000399     0.000103     0.000073     0.000001     0.000000     0.000000     0.000000     0.000000     0.000000     0.000000     0.000000 
    0.743784     0.202207     0.005050     0.016488     0.007444     0.005755     0.007735     0.002524     0.008201     0.000548     0.000145     0.000117     0.000002     0.000000     0.000000     0.000000     0.000000     0.000000     0.000000     0.000000 
    0.729044     0.212670     0.005386     0.017174     0.007955     0.005702     0.008636     0.002436     0.009883     0.000733     0.000195     0.000181     0.000004     0.000000     0.000000     0.000000     0.000000     0.000000     0.000000     0.000000 
    0.714092     0.223094     0.005759     0.017889     0.008574     0.005592     0.009616     0.002278     0.011614     0.000957     0.000255     0.000273     0.000006     0.000000     0.000000     0.000000     0.000000     0.000000     0.000000     0.000000 
    0.698947     0.233442     0.006168     0.018623     0.009326     0.005438     0.010696     0.002072     0.013336     0.001219     0.000324     0.000399     0.000010     0.000001     0.000000     0.000000     0.000000     0.000000     0.000000     0.000000 
    0.683632     0.243682     0.006610     0.019360     0.010236     0.005251     0.011893     0.001843     0.014991     0.001519     0.000398     0.000567     0.000016     0.000001     0.000000     0.000000     0.000000     0.000000     0.000000     0.000000 
    0.668169     0.253779     0.007088     0.020080     0.011328     0.005045     0.013219     0.001615     0.016533     0.001855     0.000476     0.000786     0.000025     0.000002     0.000000     0.000000     0.000000     0.000000     0.000000     0.000000 
    0.652581     0.263700     0.007605     0.020761     0.012623     0.004832     0.014680     0.001408     0.017931     0.002223     0.000555     0.001061     0.000038     0.000003     0.000001     0.000000     0.000000     0.000000     0.000000     0.000000 
    0.636888     0.273411     0.008166     0.021382     0.014140     0.004624     0.016276     0.001236     0.019169     0.002619     0.000631     0.001399     0.000055     0.000004     0.000001     0.000000     0.000000     0.000000     0.000000     0.000000 
    0.621114     0.282875     0.008779     0.021923     0.015892     0.004432     0.017995     0.001108     0.020250     0.003039     0.000701     0.001804     0.000079     0.000006     0.000002     0.000000     0.000000     0.000000     0.000000     0.000000 
    0.605280     0.292053     0.009458     0.022371     0.017884     0.004269     0.019817     0.001029     0.021195     0.003478     0.000764     0.002280     0.000111     0.000009     0.000003     0.000000     0.000000     0.000000     0.000000     0.000000 
    0.589409     0.300905     0.010215     0.022716     0.020113     0.004144     0.021714     0.001000     0.022038     0.003933     0.000818     0.002825     0.000152     0.000013     0.000005     0.000000     0.000000     0.000000     0.000000     0.000000 
    0.573523     0.309385     0.011066     0.022959     0.022562     0.004069     0.023655     0.001022     0.022821     0.004405     0.000861     0.003440     0.000205     0.000018     0.000008     0.000000     0.000000     0.000000     0.000000     0.000000 
    0.557645     0.317445     0.012027     0.023109     0.025207     0.004054     0.025608     0.001096     0.023593     0.004895     0.000895     0.004118     0.000271     0.000025     0.000012     0.000001     0.000000     0.000000     0.000000     0.000000 
    0.541796     0.325034     0.013114     0.023184     0.028006     0.004106     0.027544     0.001223     0.024402     0.005408     0.000919     0.004857     0.000352     0.000034     0.000017     0.000001     0.000000     0.000000     0.000000     0.000000 
    0.526001     0.332102     0.014340     0.023211     0.030911     0.004235     0.029441     0.001406     0.025295     0.005952     0.000935     0.005648     0.000451     0.000046     0.000025     0.000002     0.000000     0.000000     0.000000     0.000000 
    0.510280     0.338596     0.015715     0.023221     0.033864     0.004446     0.031289     0.001642     0.026314     0.006538     0.000943     0.006485     0.000569     0.000060     0.000036     0.000003     0.000000     0.000000     0.000000     0.000000 
    0.494656     0.344469     0.017239     0.023253     0.036805     0.004747     0.033088     0.001928     0.027491     0.007180     0.000944     0.007361     0.000707     0.000076     0.000051     0.000004     0.000001     0.000000     0.000000     0.000000 
    0.479152     0.349679     0.018908     0.023343     0.039674     0.005137     0.034850     0.002259     0.028852     0.007893     0.000940     0.008269     0.000868     0.000096     0.000070     0.000006     0.000001     0.000000     0.000000     0.000000 
    0.463790     0.354189     0.020705     0.023532     0.042420     0.005618     0.036599     0.002623     0.030415     0.008695     0.000933     0.009203     0.001054     0.000119     0.000094     0.000009     0.000002     0.000001     0.000000     0.000000 
    0.448589     0.357975     0.022599     0.023852     0.045003     0.006183     0.038365     0.003010     0.032186     0.009604     0.000924     0.010158     0.001265     0.000145     0.000126     0.000012     0.000002     0.000001     0.000000     0.000000 
    0.433571     0.361024     0.024551     0.024333     0.047398     0.006820     0.040180     0.003407     0.034165     0.010637     0.000917     0.011132     0.001503     0.000174     0.000165     0.000017     0.000003     0.000002     0.000000     0.000000 
    0.418755     0.363340     0.026506     0.024995     0.049600     0.007514     0.042079     0.003803     0.036342     0.011811     0.000913     0.012123     0.001770     0.000206     0.000212     0.000024     0.000005     0.000003     0.000000     0.000000 
    0.404156     0.364938     0.028402     0.025849     0.051621     0.008241     0.044090     0.004188     0.038703     0.013139     0.000918     0.013132     0.002068     0.000241     0.000270     0.000032     0.000007     0.000004     0.000000     0.000000 
    0.389793     0.365850     0.030172     0.026894     0.053491     0.008977     0.046238     0.004557     0.041227     0.014631     0.000934     0.014165     0.002397     0.000277     0.000339     0.000043     0.000009     0.000006     0.000000     0.000000 
    0.375678     0.366124     0.031748     0.028111     0.055251     0.009694     0.048534     0.004905     0.043891     0.016295     0.000967     0.015228     0.002760     0.000316     0.000420     0.000056     0.000012     0.000009     0.000000     0.000000 
    0.361824     0.365818     0.033069     0.029469     0.056950     0.010369     0.050982     0.005234     0.046668     0.018133     0.001019     0.016332     0.003160     0.000356     0.000514     0.000073     0.000016     0.000013     0.000000     0.000000 
    0.348240     0.364999     0.034087     0.030920     0.058640     0.010980     0.053573     0.005545     0.049536     0.020142     0.001096     0.017492     0.003598     0.000397     0.000621     0.000093     0.000021     0.000019     0.000001     0.000000 
    0.334936     0.363742     0.034771     0.032397     0.060369     0.011513     0.056291     0.005841     0.052471     0.022316     0.001199     0.018724     0.004078     0.000439     0.000742     0.000119     0.000027     0.000026     0.000001     0.000000 
    0.321916     0.362123     0.035112     0.033826     0.062173     0.011960     0.059108     0.006126     0.055455     0.024641     0.001331     0.020048     0.004603     0.000481     0.000878     0.000149     0.000034     0.000035     0.000001     0.000000 
    0.309185     0.360216     0.035125     0.035121     0.064080     0.012319     0.061996     0.006402     0.058470     0.027102     0.001493     0.021487     0.005179     0.000523     0.001027     0.000185     0.000042     0.000048     0.000002     0.000000 
    0.296745     0.358089     0.034844     0.036199     0.066095     0.012596     0.064919     0.006672     0.061505     0.029680     0.001683     0.023062     0.005810     0.000566     0.001191     0.000227     0.000051     0.000063     0.000003     0.000000 
    0.284599     0.355799     0.034327     0.036982     0.068210     0.012799     0.067846     0.006935     0.064548     0.032352     0.001901     0.024798     0.006502     0.000608     0.001370     0.000276     0.000062     0.000083     0.000004     0.000000 
    0.272745     0.353393     0.033642     0.037411     0.070395     0.012937     0.070746     0.007191     0.067591     0.035095     0.002142     0.026716     0.007262     0.000651     0.001561     0.000334     0.000073     0.000108     0.000006     0.000000 
    0.261183     0.350900     0.032867     0.037447     0.072607     0.013021     0.073594     0.007439     0.070625     0.037888     0.002403     0.028834     0.008098     0.000696     0.001766     0.000400     0.000086     0.000138     0.000008     0.000000 
    0.249912     0.348335     0.032082     0.037082     0.074790     0.013058     0.076367     0.007673     0.073641     0.040709     0.002677     0.031169     0.009017     0.000742     0.001984     0.000476     0.000100     0.000175     0.000011     0.000000 
    0.238930     0.345694     0.031362     0.036334     0.076885     0.013049     0.079048     0.007891     0.076630     0.043543     0.002958     0.033731     0.010030     0.000791     0.002215     0.000562     0.000116     0.000218     0.000015     0.000000 
    0.228236     0.342959     0.030775     0.035251     0.078830     0.012996     0.081623     0.008088     0.079578     0.046375     0.003238     0.036524     0.011144     0.000843     0.002458     0.000659     0.000132     0.000271     0.000020     0.000000 
    0.217829     0.340099     0.030377     0.033901     0.080576     0.012894     0.084078     0.008261     0.082471     0.049198     0.003509     0.039546     0.012370     0.000901     0.002714     0.000770     0.000148     0.000332     0.000026     0.000000 
    0.207708     0.337071     0.030210     0.032370     0.082087     0.012738     0.086399     0.008405     0.085289     0.052010     0.003764     0.042789     0.013716     0.000966     0.002983     0.000893     0.000166     0.000402     0.000034     0.000000 
    0.197874     0.333825     0.030305     0.030745     0.083348     0.012522     0.088570     0.008516     0.088008     0.054814     0.003996     0.046237     0.015192     0.001039     0.003266     0.001032     0.000184     0.000483     0.000044     0.000001 
    0.188326     0.330307     0.030677     0.029116     0.084368     0.012240     0.090571     0.008593     0.090603     0.057619     0.004200     0.049867     0.016805     0.001122     0.003564     0.001188     0.000202     0.000576     0.000057     0.000001 
    0.179065     0.326465     0.031325     0.027559     0.085177     0.011894     0.092385     0.008632     0.093044     0.060438     0.004372     0.053650     0.018564     0.001218     0.003879     0.001361     0.000220     0.000679     0.000072     0.000001 
    0.170093     0.322250     0.032239     0.026141     0.085828     0.011486     0.093990     0.008632     0.095295     0.063287     0.004510     0.057555     0.020474     0.001328     0.004213     0.001554     0.000239     0.000796     0.000091     0.000001 
    0.161410     0.317623     0.033389     0.024906     0.086387     0.011028     0.095372     0.008592     0.097322     0.066183     0.004613     0.061544     0.022539     0.001455     0.004568     0.001770     0.000258     0.000925     0.000113     0.000002 
    0.153019     0.312556     0.034737     0.023886     0.086929     0.010534     0.096519     0.008514     0.099086     0.069147     0.004682     0.065580     0.024764     0.001601     0.004949     0.002010     0.000278     0.001067     0.000140     0.000003 
    0.144920     0.307034     0.036231     0.023093     0.087531     0.010027     0.097429     0.008401     0.100552     0.072196     0.004719     0.069622     0.027148     0.001768     0.005357     0.002276     0.000298     0.001223     0.000172     0.000003 
    0.137113     0.301055     0.037811     0.022524     0.088261     0.009528     0.098112     0.008257     0.101684     0.075345     0.004729     0.073635     0.029692     0.001957     0.005798     0.002573     0.000319     0.001393     0.000209     0.000004 
    0.129600     0.294635     0.039412     0.022164     0.089176     0.009062     0.098587     0.008092     0.102454     0.078605     0.004716     0.077581     0.032392     0.002170     0.006275     0.002902     0.000342     0.001578     0.000253     0.000006 
    0.122379     0.287800     0.040966     0.021986     0.090312     0.008650     0.098887     0.007916     0.102841     0.081981     0.004684     0.081430     0.035246     0.002408     0.006792     0.003266     0.000366     0.001778     0.000304     0.000007 
    0.115449     0.280590     0.042411     0.021953     0.091684     0.008313     0.099051     0.007741     0.102836     0.085474     0.004641     0.085153     0.038247     0.002672     0.007354     0.003671     0.000393     0.001995     0.000364     0.000009 
    0.108808     0.273051     0.043692     0.022025     0.093281     0.008064     0.099124     0.007584     0.102444     0.089076     0.004592     0.088730     0.041388     0.002961     0.007965     0.004118     0.000422     0.002229     0.000432     0.000011 
    0.102453     0.265238     0.044767     0.022155     0.095067     0.007916     0.099154     0.007462     0.101687     0.092773     0.004544     0.092144     0.044662     0.003275     0.008629     0.004612     0.000455     0.002482     0.000511     0.000014 
    0.096379     0.257209     0.045607     0.022297     0.096982     0.007874     0.099180     0.007392     0.100603     0.096546     0.004502     0.095385     0.048060     0.003613     0.009350     0.005156     0.000493     0.002756     0.000601     0.000018 
    0.090582     0.249020     0.046200     0.022407     0.098945     0.007940     0.099236     0.007392     0.099247     0.100368     0.004472     0.098450     0.051573     0.003972     0.010130     0.005754     0.000536     0.003052     0.000703     0.000022 
    0.085057     0.240728     0.046548     0.022446     0.100863     0.008112     0.099340     0.007478     0.097689     0.104211     0.004459     0.101341     0.055192     0.004351     0.010971     0.006410     0.000585     0.003373     0.000819     0.000027 
    0.079796     0.232383     0.046666     0.022388     0.102630     0.008383     0.099495     0.007666     0.096013     0.108042     0.004466     0.104068     0.058908     0.004746     0.011876     0.007128     0.000641     0.003722     0.000950     0.000033 
    0.074793     0.224030     0.046579     0.022214     0.104142     0.008742     0.099687     0.007969     0.094307     0.111830     0.004497     0.106644     0.062713     0.005154     0.012844     0.007910     0.000705     0.004102     0.001098     0.000040 
    0.070041     0.215710     0.046316     0.021919     0.105301     0.009175     0.099885     0.008393     0.092662     0.115543     0.004554     0.109088     0.066601     0.005572     0.013875     0.008760     0.000778     0.004516     0.001264     0.000048 
    0.065531     0.207453     0.045909     0.021508     0.106025     0.009664     0.100046     0.008943     0.091166     0.119153     0.004637     0.111421     0.070565     0.005994     0.014966     0.009680     0.000860     0.004969     0.001450     0.000058 
    0.061257     0.199286     0.045389     0.020998     0.106252     0.010185     0.100117     0.009612     0.089899     0.122636     0.004747     0.113668     0.074603     0.006418     0.016114     0.010673     0.000952     0.005465     0.001659     0.000069 
    0.057210     0.191231     0.044781     0.020412     0.105944     0.010717     0.100043     0.010386     0.088923     0.125972     0.004882     0.115853     0.078710     0.006840     0.017315     0.011742     0.001054     0.006009     0.001893     0.000083 
    0.053382     0.183302     0.044105     0.019777     0.105093     0.011234     0.099772     0.011239     0.088286     0.129149     0.005042     0.118001     0.082887     0.007257     0.018564     0.012886     0.001167     0.006604     0.002154     0.000098 
    0.049766     0.175514     0.043374     0.019122     0.103714     0.011714     0.099266     0.012134     0.088011     0.132158     0.005224     0.120134     0.087133     0.007665     0.019853     0.014109     0.001290     0.007256     0.002445     0.000116 
    0.046352     0.167875     0.042593     0.018474     0.101850     0.012136     0.098500     0.013023     0.088099     0.134997     0.005426     0.122273     0.091452     0.008064     0.021175     0.015412     0.001422     0.007970     0.002769     0.000137 
    0.043134     0.160397     0.041762     0.017855     0.099561     0.012482     0.097470     0.013852     0.088526     0.137669     0.005643     0.124435     0.095845     0.008452     0.022522     0.016794     0.001564     0.008750     0.003129     0.000162 
    0.040102     0.153088     0.040874     0.017281     0.096923     0.012737     0.096194     0.014563     0.089242     0.140178     0.005871     0.126629     0.100317     0.008829     0.023885     0.018257     0.001713     0.009599     0.003529     0.000190 
    0.037251     0.145958     0.039920     0.016763     0.094020     0.012891     0.094709     0.015105     0.090176     0.142531     0.006105     0.128862     0.104872     0.009195     0.025256     0.019801     0.001868     0.010522     0.003972     0.000222 
    0.034571     0.139017     0.038890     0.016304     0.090942     0.012938     0.093067     0.015437     0.091233     0.144736     0.006339     0.131135     0.109514     0.009552     0.026626     0.021428     0.002028     0.011522     0.004464     0.000258 
    0.032055     0.132278     0.037774     0.015900     0.087775     0.012873     0.091329     0.015532     0.092308     0.146799     0.006567     0.133440     0.114248     0.009902     0.027986     0.023136     0.002191     0.012599     0.005007     0.000300 
    0.029695     0.125751     0.036566     0.015542     0.084601     0.012696     0.089558     0.015388     0.093284     0.148724     0.006783     0.135765     0.119076     0.010250     0.029329     0.024928     0.002355     0.013756     0.005607     0.000348 
    0.027485     0.119448     0.035263     0.015214     0.081493     0.012408     0.087811     0.015018     0.094043     0.150512     0.006979     0.138093     0.123999     0.010598     0.030649     0.026805     0.002518     0.014992     0.006268     0.000403 
    0.025416     0.113380     0.033871     0.014898     0.078515     0.012015     0.086136     0.014458     0.094480     0.152160     0.007152     0.140400     0.129016     0.010953     0.031939     0.028766     0.002679     0.016306     0.006995     0.000465 
    0.023482     0.107555     0.032402     0.014573     0.075716     0.011525     0.084559     0.013755     0.094503     0.153663     0.007297     0.142657     0.134125     0.011318     0.033196     0.030815     0.002837     0.017695     0.007794     0.000535 
    0.021676     0.101982     0.030875     0.014214     0.073135     0.010950     0.083092     0.012963     0.094045     0.155012     0.007408     0.144834     0.139319     0.011699     0.034417     0.032951     0.002989     0.019156     0.008668     0.000615 
    0.019990     0.096664     0.029317     0.013802     0.070796     0.010305     0.081722     0.012138     0.093070     0.156196     0.007486     0.146896     0.144589     0.012102     0.035600     0.035179     0.003135     0.020685     0.009624     0.000705 
    0.018417     0.091601     0.027759     0.013318     0.068709     0.009610     0.080419     0.011331     0.091573     0.157204     0.007528     0.148808     0.149922     0.012532     0.036746     0.037499     0.003275     0.022276     0.010667     0.000806 
    0.016953     0.086790     0.026236     0.012747     0.066872     0.008887     0.079139     0.010583     0.089579     0.158024     0.007534     0.150534     0.155303     0.012995     0.037857     0.039914     0.003409     0.023924     0.011801     0.000920 
    0.015589     0.082223     0.024784     0.012085     0.065269     0.008158     0.077825     0.009925     0.087139     0.158646     0.007508     0.152042     0.160714     0.013494     0.038934     0.042426     0.003537     0.025622     0.013032     0.001047 
    0.014321     0.077889     0.023437     0.011334     0.063874     0.007448     0.076417     0.009375     0.084327     0.159062     0.007451     0.153301     0.166131     0.014035     0.039983     0.045037     0.003660     0.027364     0.014365     0.001191 
    0.013144     0.073771     0.022226     0.010505     0.062648     0.006778     0.074858     0.008942     0.081225     0.159267     0.007368     0.154283     0.171530     0.014621     0.041007     0.047749     0.003780     0.029142     0.015804     0.001351 
    0.012051     0.069852     0.021177     0.009618     0.061544     0.006166     0.073102     0.008625     0.077924     0.159261     0.007263     0.154968     0.176884     0.015253     0.042014     0.050564     0.003898     0.030952     0.017355     0.001529 
    0.011039     0.066111     0.020310     0.008698     0.060510     0.005627     0.071117     0.008414     0.074510     0.159044     0.007141     0.155338     0.182163     0.015934     0.043008     0.053482     0.004017     0.032788     0.019021     0.001728 
    0.010102     0.062526     0.019637     0.007777     0.059488     0.005169     0.068891     0.008297     0.071060     0.158621     0.007008     0.155385     0.187338     0.016663     0.043995     0.056502     0.004139     0.034646     0.020807     0.001950 
    0.009237     0.059075     0.019161     0.006885     0.058422     0.004797     0.066433     0.008254     0.067638     0.158000     0.006868     0.155105     0.192377     0.017439     0.044983     0.059625     0.004268     0.036521     0.022717     0.002195 
    0.008440     0.055737     0.018880     0.006052     0.057261     0.004509     0.063770     0.008266     0.064296     0.157188     0.006726     0.154502     0.197250     0.018259     0.045976     0.062848     0.004405     0.038413     0.024755     0.002467 
    0.007708     0.052494     0.018781     0.005303     0.055963     0.004302     0.060949     0.008312     0.061067     0.156193     0.006586     0.153584     0.201926     0.019120     0.046979     0.066168     0.004553     0.040320     0.026925     0.002768 
    0.007037     0.049331     0.018843     0.004654     0.054497     0.004168     0.058026     0.008371     0.057974     0.155023     0.006451     0.152367     0.206377     0.020015     0.047996     0.069580     0.004716     0.042243     0.029231     0.003100 
    0.006424     0.046237     0.019037     0.004118     0.052849     0.004099     0.055061     0.008427     0.055026     0.153684     0.006324     0.150871     0.210576     0.020937     0.049030     0.073078     0.004895     0.044185     0.031675     0.003466 
    0.005866     0.043207     0.019323     0.003698     0.051022     0.004084     0.052115     0.008464     0.052223     0.152180     0.006208     0.149117     0.214502     0.021880     0.050081     0.076657     0.005093     0.046148     0.034263     0.003868 
    0.005360     0.040243     0.019655     0.003391     0.049034     0.004113     0.049242     0.008475     0.049561     0.150514     0.006103     0.147132     0.218132     0.022833     0.051150     0.080307     0.005312     0.048137     0.036996     0.004309 
    0.004905     0.037347     0.019978     0.003195     0.046917     0.004173     0.046486     0.008453     0.047032     0.148687     0.006009     0.144942     0.221452     0.023787     0.052235     0.084019     0.005552     0.050158     0.039880     0.004793 
    0.004496     0.034533     0.020233     0.003101     0.044715     0.004254     0.043879     0.008400     0.044626     0.146697     0.005927     0.142575     0.224448     0.024731     0.053332     0.087784     0.005815     0.052215     0.042917     0.005323 
    0.004132     0.031812     0.020362     0.003103     0.042475     0.004345     0.041439     0.008321     0.042335     0.144544     0.005856     0.140057     0.227112     0.025654     0.054435     0.091591     0.006099     0.054315     0.046112     0.005901 
    0.003809     0.029203     0.020310     0.003192     0.040245     0.004437     0.039175     0.008220     0.040155     0.142228     0.005794     0.137414     0.229440     0.026546     0.055537     0.095428     0.006405     0.056463     0.049468     0.006531 
    0.003525     0.026722     0.020034     0.003356     0.038068     0.004523     0.037082     0.008107     0.038082     0.139749     0.005738     0.134668     0.231431     0.027396     0.056630     0.099284     0.006731     0.058665     0.052989     0.007218 
    0.003277     0.024388     0.019503     0.003581     0.035979     0.004598     0.035152     0.007990     0.036117     0.137109     0.005688     0.131840     0.233088     0.028196     0.057703     0.103148     0.007074     0.060924     0.056680     0.007964 
    0.003063     0.022215     0.018709     0.003847     0.034000     0.004659     0.033368     0.007875     0.034262     0.134314     0.005641     0.128947     0.234416     0.028937     0.058744     0.107007     0.007432     0.063245     0.060545     0.008774 
    0.002881     0.020216     0.017661     0.004127     0.032143     0.004706     0.031714     0.007767     0.032519     0.131371     0.005593     0.126004     0.235425     0.029612     0.059742     0.110851     0.007801     0.065627     0.064587     0.009653 
    0.002726     0.018398     0.016394     0.004391     0.030403     0.004740     0.030173     0.007670     0.030893     0.128291     0.005544     0.123022     0.236126     0.030216     0.060683     0.114669     0.008176     0.068070     0.068812     0.010603 
    0.002598     0.016765     0.014955     0.004607     0.028770     0.004762     0.028728     0.007582     0.029386     0.125090     0.005491     0.120010     0.236530     0.030745     0.061552     0.118451     0.008554     0.070571     0.073222     0.011631 
    0.002494     0.015313     0.013406     0.004741     0.027220     0.004774     0.027367     0.007502     0.028000     0.121783     0.005432     0.116974     0.236652     0.031199     0.062337     0.122189     0.008929     0.073125     0.077821     0.012741 
    0.002411     0.014038     0.011816     0.004771     0.025728     0.004775     0.026076     0.007427     0.026732     0.118392     0.005366     0.113917     0.236504     0.031577     0.063025     0.125873     0.009296     0.075724     0.082613     0.013938 
    0.002348     0.012928     0.010250     0.004680     0.024263     0.004762     0.024848     0.007351     0.025579     0.114938     0.005291     0.110842     0.236101     0.031882     0.063602     0.129497     0.009652     0.078357     0.087601     0.015227 
    0.002303     0.011970     0.008765     0.004468     0.022799     0.004731     0.023672     0.007269     0.024534     0.111444     0.005208     0.107748     0.235456     0.032118     0.064059     0.133052     0.009992     0.081013     0.092786     0.016613 
    0.002273     0.011149     0.007409     0.004145     0.021315     0.004674     0.022542     0.007174     0.023586     0.107933     0.005115     0.104637     0.234580     0.032290     0.064384     0.136534     0.010312     0.083676     0.098169     0.018103 
    0.002259     0.010446     0.006209     0.003735     0.019797     0.004585     0.021448     0.007059     0.022724     0.104426     0.005014     0.101507     0.233483     0.032407     0.064571     0.139936     0.010608     0.086331     0.103752     0.019701 
    0.002258     0.009846     0.005183     0.003269     0.018246     0.004454     0.020381     0.006919     0.021932     0.100945     0.004906     0.098358     0.232175     0.032475     0.064615     0.143253     0.010880     0.088959     0.109533     0.021415 
    0.002268     0.009330     0.004330     0.002784     0.016670     0.004274     0.019331     0.006748     0.021193     0.097506     0.004791     0.095193     0.230663     0.032505     0.064511     0.146478     0.011124     0.091541     0.115510     0.023249 
    0.002290     0.008883     0.003642     0.002313     0.015092     0.004042     0.018288     0.006541     0.020489     0.094124     0.004671     0.092013     0.228950     0.032504     0.064259     0.149607     0.011341     0.094058     0.121681     0.025210 
    0.002322     0.008491     0.003103     0.001884     0.013538     0.003758     0.017241     0.006294     0.019800     0.090809     0.004549     0.088822     0.227041     0.032484     0.063862     0.152634     0.011532     0.096491     0.128041     0.027306 
    0.002363     0.008140     0.002693     0.001516     0.012043     0.003426     0.016183     0.006004     0.019106     0.087565     0.004426     0.085627     0.224937     0.032454     0.063324     0.155552     0.011696     0.098821     0.134584     0.029541 
    0.002412     0.007820     0.002391     0.001220     0.010639     0.003060     0.015110     0.005671     0.018387     0.084394     0.004305     0.082433     0.222638     0.032422     0.062651     0.158353     0.011838     0.101029     0.141303     0.031924 
    0.002469     0.007523     0.002179     0.000996     0.009355     0.002673     0.014021     0.005297     0.017626     0.081291     0.004187     0.079251     0.220143     0.032396     0.061854     0.161031     0.011959     0.103101     0.148188     0.034460 
    0.002534     0.007242     0.002037     0.000839     0.008212     0.002284     0.012920     0.004886     0.016806     0.078248     0.004074     0.076090     0.217450     0.032385     0.060943     0.163576     0.012063     0.105021     0.155231     0.037158 
    0.002606     0.006972     0.001951     0.000741     0.007224     0.001912     0.011817     0.004446     0.015914     0.075253     0.003967     0.072961     0.214557     0.032394     0.059931     0.165979     0.012154     0.106778     0.162420     0.040023 
    0.002685     0.006712     0.001906     0.000689     0.006394     0.001574     0.010726     0.003987     0.014943     0.072291     0.003864     0.069875     0.211462     0.032427     0.058833     0.168230     0.012236     0.108362     0.169742     0.043062 
    0.002769     0.006461     0.001891     0.000672     0.005715     0.001281     0.009665     0.003523     0.013891     0.069347     0.003766     0.066842     0.208163     0.032488     0.057662     0.170317     0.012313     0.109767     0.177182     0.046284 
    0.002860     0.006219     0.001893     0.000681     0.005177     0.001041     0.008649     0.003068     0.012762     0.066405     0.003671     0.063869     0.204659     0.032578     0.056435     0.172231     0.012390     0.110990     0.184728     0.049694 
    0.002956     0.005987     0.001903     0.000706     0.004764     0.000853     0.007697     0.002637     0.011570     0.063452     0.003577     0.060964     0.200950     0.032697     0.055168     0.173959     0.012469     0.112029     0.192362     0.053300 
    0.003058     0.005769     0.001914     0.000741     0.004457     0.000714     0.006821     0.002243     0.010335     0.060475     0.003481     0.058131     0.197037     0.032842     0.053874     0.175490     0.012555     0.112886     0.200068     0.057109 
    0.003165     0.005566     0.001919     0.000778     0.004237     0.000617     0.006030     0.001897     0.009083     0.057467     0.003380     0.055370     0.192923     0.033011     0.052569     0.176814     0.012650     0.113566     0.207829     0.061128 
    0.003277     0.005380     0.001915     0.000812     0.004084     0.000552     0.005330     0.001606     0.007846     0.054429     0.003272     0.052682     0.188612     0.033197     0.051266     0.177921     0.012756     0.114073     0.215627     0.065363 
    0.003394     0.005213     0.001900     0.000838     0.003980     0.000512     0.004718     0.001372     0.006656     0.051363     0.003153     0.050061     0.184110     0.033394     0.049975     0.178802     0.012875     0.114417     0.223445     0.069821 
    0.003516     0.005067     0.001874     0.000851     0.003905     0.000490     0.004190     0.001195     0.005544     0.048281     0.003023     0.047502     0.179425     0.033592     0.048709     0.179449     0.013007     0.114605     0.231265     0.074509 
    0.003644     0.004942     0.001838     0.000849     0.003842     0.000481     0.003738     0.001072     0.004539     0.045198     0.002880     0.044998     0.174565     0.033782     0.047473     0.179856     0.013153     0.114648     0.239068     0.079433 
    0.003775     0.004837     0.001792     0.000830     0.003774     0.000483     0.003350     0.000999     0.003660     0.042136     0.002725     0.042541     0.169543     0.033954     0.046275     0.180019     0.013312     0.114556     0.246837     0.084600 
    0.003912     0.004753     0.001739     0.000797     0.003687     0.000497     0.003016     0.000972     0.002917     0.039119     0.002560     0.040124     0.164369     0.034095     0.045119     0.179936     0.013482     0.114338     0.254553     0.090014 
    0.004054     0.004686     0.001679     0.000750     0.003570     0.000522     0.002723     0.000988     0.002311     0.036174     0.002388     0.037742     0.159059     0.034194     0.044006     0.179606     0.013661     0.114004     0.262199     0.095683 
    0.004200     0.004635     0.001612     0.000695     0.003415     0.000558     0.002462     0.001044     0.001834     0.033328     0.002211     0.035392     0.153629     0.034239     0.042936     0.179031     0.013847     0.113563     0.269756     0.101612 
    0.004351     0.004597     0.001537     0.000635     0.003220     0.000606     0.002224     0.001137     0.001473     0.030608     0.002033     0.033073     0.148094     0.034218     0.041907     0.178213     0.014036     0.113023     0.277208     0.107805 
    0.004506     0.004570     0.001456     0.000576     0.002986     0.000662     0.002002     0.001262     0.001208     0.028035     0.001859     0.030788     0.142475     0.034121     0.040913     0.177158     0.014226     0.112390     0.284538     0.114269 
    0.004667     0.004549     0.001366     0.000520     0.002720     0.000726     0.001793     0.001408     0.001022     0.025628     0.001691     0.028543     0.136790     0.033938     0.039950     0.175872     0.014412     0.111669     0.291727     0.121007 
    0.004831     0.004533     0.001268     0.000471     0.002430     0.000793     0.001596     0.001562     0.000898     0.023401     0.001532     0.026345     0.131062     0.033662     0.039009     0.174363     0.014591     0.110864     0.298761     0.128025 
    0.005000     0.004518     0.001161     0.000432     0.002131     0.000860     0.001410     0.001707     0.000821     0.021361     0.001385     0.024207     0.125313     0.033287     0.038083     0.172640     0.014760     0.109977     0.305622     0.135326 
    0.005173     0.004501     0.001046     0.000405     0.001833     0.000922     0.001240     0.001824     0.000783     0.019509     0.001250     0.022139     0.119565     0.032810     0.037160     0.170711     0.014913     0.109010     0.312293     0.142915 
    0.005350     0.004480     0.000925     0.000389     0.001550     0.000973     0.001088     0.001895     0.000775     0.017841     0.001130     0.020155     0.113841     0.032229     0.036232     0.168586     0.015049     0.107961     0.318757     0.150793 
    0.005531     0.004452     0.000799     0.000385     0.001292     0.001011     0.000956     0.001907     0.000792     0.016348     0.001024     0.018265     0.108166     0.031548     0.035289     0.166274     0.015164     0.106831     0.325000     0.158966 
    0.005715     0.004417     0.000672     0.000393     0.001067     0.001029     0.000844     0.001855     0.000829     0.015017     0.000934     0.016481     0.102563     0.030769     0.034320     0.163785     0.015256     0.105616     0.331003     0.167434 
    0.005901     0.004373     0.000548     0.000413     0.000879     0.001025     0.000753     0.001740     0.000879     0.013831     0.000860     0.014811     0.097052     0.029900     0.033318     0.161127     0.015322     0.104315     0.336750     0.176201 
    0.006090     0.004320     0.000432     0.000442     0.000730     0.000995     0.000680     0.001571     0.000935     0.012771     0.000802     0.013261     0.091657     0.028951     0.032276     0.158309     0.015361     0.102925     0.342224     0.185268 
    0.006282     0.004256     0.000329     0.000478     0.000617     0.000939     0.000621     0.001366     0.000988     0.011817     0.000760     0.011837     0.086396     0.027932     0.031187     0.155337     0.015371     0.101441     0.347410     0.194635 
    0.006475     0.004183     0.000245     0.000516     0.000534     0.000859     0.000574     0.001143     0.001030     0.010951     0.000733     0.010538     0.081287     0.026857     0.030048     0.152220     0.015352     0.099863     0.352289     0.204305 
    0.006669     0.004100     0.000185     0.000551     0.000476     0.000757     0.000535     0.000920     0.001054     0.010153     0.000719     0.009365     0.076345     0.025740     0.028858     0.148963     0.015303     0.098185     0.356846     0.214276 
    0.006864     0.004010     0.000153     0.000578     0.000434     0.000641     0.000501     0.000714     0.001056     0.009406     0.000714     0.008316     0.071584     0.024596     0.027618     0.145571     0.015225     0.096408     0.361062     0.224548 
    0.007060     0.003913     0.000151     0.000592     0.000402     0.000517     0.000472     0.000534     0.001035     0.008697     0.000718     0.007385     0.067012     0.023439     0.026331     0.142052     0.015119     0.094529     0.364923     0.235121 
    0.007256     0.003812     0.000177     0.000587     0.000373     0.000396     0.000444     0.000388     0.000993     0.008014     0.000724     0.006567     0.062638     0.022284     0.025003     0.138409     0.014984     0.092547     0.368410     0.245992 
    0.007451     0.003708     0.000227     0.000564     0.000345     0.000285     0.000419     0.000276     0.000935     0.007349     0.000731     0.005854     0.058467     0.021146     0.023641     0.134649     0.014823     0.090463     0.371508     0.257160 
    0.007646     0.003603     0.000294     0.000522     0.000315     0.000193     0.000394     0.000194     0.000865     0.006696     0.000735     0.005236     0.054499     0.020037     0.022257     0.130778     0.014637     0.088278     0.374201     0.268620 
    0.007839     0.003500     0.000366     0.000466     0.000283     0.000125     0.000368     0.000140     0.000791     0.006054     0.000734     0.004704     0.050735     0.018968     0.020860     0.126803     0.014427     0.085994     0.376473     0.280369 
    0.008032     0.003399     0.000433     0.000404     0.000250     0.000084     0.000342     0.000107     0.000716     0.005423     0.000725     0.004245     0.047171     0.017948     0.019464     0.122733     0.014196     0.083615     0.378309     0.292403 
    0.008223     0.003303     0.000483     0.000345     0.000219     0.000067     0.000316     0.000091     0.000645     0.004807     0.000707     0.003850     0.043802     0.016986     0.018081     0.118575     0.013945     0.081145     0.379695     0.304717 
    0.008412     0.003210     0.000506     0.000297     0.000193     0.000071     0.000290     0.000087     0.000578     0.004209     0.000680     0.003506     0.040621     0.016087     0.016723     0.114340     0.013677     0.078590     0.380618     0.317304 
    0.008600     0.003122     0.000498     0.000267     0.000172     0.000091     0.000267     0.000092     0.000515     0.003638     0.000645     0.003201     0.037620     0.015253     0.015405     0.110041     0.013393     0.075957     0.381065     0.330157 
    0.008785     0.003036     0.000459     0.000258     0.000157     0.000120     0.000250     0.000102     0.000457     0.003099     0.000602     0.002928     0.034790     0.014487     0.014136     0.105689     0.013097     0.073253     0.381026     0.343269 
    0.008968     0.002951     0.000394     0.000270     0.000151     0.000152     0.000239     0.000114     0.000403     0.002599     0.000553     0.002675     0.032121     0.013788     0.012927     0.101299     0.012789     0.070487     0.380489     0.356631 
    0.009148     0.002866     0.000313     0.000296     0.000151     0.000182     0.000236     0.000126     0.000352     0.002143     0.000499     0.002437     0.029601     0.013154     0.011786     0.096886     0.012473     0.067668     0.379446     0.370235 
    0.009326     0.002777     0.000229     0.000328     0.000159     0.000206     0.000242     0.000136     0.000305     0.001736     0.000442     0.002207     0.027221     0.012580     0.010721     0.092466     0.012151     0.064808     0.377891     0.384068 
    0.009501     0.002684     0.000156     0.000355     0.000172     0.000223     0.000253     0.000141     0.000263     0.001379     0.000383     0.001983     0.024971     0.012060     0.009737     0.088055     0.011826     0.061918     0.375818     0.398122 
    0.009673     0.002584     0.000105     0.000370     0.000192     0.000230     0.000268     0.000140     0.000226     0.001074     0.000325     0.001763     0.022842     0.011589     0.008835     0.083669     0.011499     0.059009     0.373224     0.412383 
    0.009842     0.002476     0.000082     0.000367     0.000216     0.000229     0.000283     0.000134     0.000196     0.000818     0.000269     0.001547     0.020826     0.011157     0.008017     0.079325     0.011173     0.056094     0.370106     0.426840 
    0.010009     0.002362     0.000091     0.000346     0.000243     0.000220     0.000295     0.000123     0.000175     0.000610     0.000217     0.001335     0.018917     0.010757     0.007282     0.075039     0.010851     0.053186     0.366466     0.441477 
    0.010172     0.002241     0.000125     0.000313     0.000270     0.000204     0.000302     0.000108     0.000162     0.000444     0.000169     0.001130     0.017108     0.010378     0.006627     0.070826     0.010533     0.050297     0.362307     0.456282 
    0.010332     0.002116     0.000177     0.000277     0.000292     0.000183     0.000301     0.000090     0.000158     0.000315     0.000128     0.000935     0.015397     0.010013     0.006048     0.066700     0.010223     0.047442     0.357632     0.471239 
    0.010488     0.001990     0.000234     0.000248     0.000308     0.000157     0.000293     0.000071     0.000162     0.000218     0.000093     0.000754     0.013781     0.009651     0.005541     0.062672     0.009922     0.044632     0.352451     0.486332 
    0.010641     0.001865     0.000284     0.000237     0.000314     0.000130     0.000278     0.000052     0.000173     0.000147     0.000064     0.000590     0.012258     0.009286     0.005099     0.058755     0.009630     0.041880     0.346772     0.501544 
    0.010791     0.001743     0.000319     0.000248     0.000309     0.000102     0.000257     0.000035     0.000187     0.000097     0.000042     0.000444     0.010828     0.008908     0.004716     0.054957     0.009350     0.039198     0.340609     0.516858 
    0.010938     0.001628     0.000335     0.000283     0.000293     0.000078     0.000233     0.000021     0.000203     0.000062     0.000025     0.000320     0.009493     0.008513     0.004384     0.051285     0.009082     0.036596     0.333976     0.532256 
    0.011081     0.001520     0.000330     0.000334     0.000267     0.000059     0.000206     0.000010     0.000217     0.000039     0.000013     0.000219     0.008252     0.008096     0.004096     0.047746     0.008825     0.034085     0.326890     0.547718 
    0.011221     0.001420     0.000311     0.000391     0.000236     0.000047     0.000178     0.000003     0.000227     0.000024     0.000006     0.000140     0.007107     0.007654     0.003845     0.044343     0.008580     0.031672     0.319371     0.563227 
    0.011357     0.001330     0.000284     0.000441     0.000203     0.000045     0.000150     0.000002     0.000230     0.000014     0.000001     0.000082     0.006059     0.007186     0.003623     0.041079     0.008346     0.029366     0.311441     0.578762 
    0.011490     0.001248     0.000259     0.000472     0.000170     0.000054     0.000124     0.000005     0.000226     0.000008     0.000000     0.000045     0.005108     0.006694     0.003423     0.037955     0.008120     0.027172     0.303125     0.594302 
    0.011620     0.001174     0.000241     0.000476     0.000140     0.000073     0.000100     0.000014     0.000213     0.000004     0.000001     0.000025     0.004254     0.006181     0.003239     0.034971     0.007903     0.025093     0.294449     0.609828 
    0.011747     0.001108     0.000234     0.000451     0.000113     0.000102     0.000078     0.000028     0.000193     0.000002     0.000003     0.000020     0.003497     0.005652     0.003065     0.032126     0.007691     0.023133     0.285439     0.625318 
    0.011870     0.001048     0.000240     0.000400     0.000090     0.000138     0.000059     0.000045     0.000166     0.000000     0.000006     0.000026     0.002832     0.005114     0.002896     0.029419     0.007481     0.021292     0.276127     0.640751 
    0.011989     0.000994     0.000253     0.000330     0.000070     0.000176     0.000044     0.000065     0.000136     0.000000     0.000010     0.000039     0.002258     0.004572     0.002728     0.026848     0.007271     0.019569     0.266543     0.656105 
    0.012105     0.000944     0.000269     0.000254     0.000052     0.000211     0.000032     0.000085     0.000105     0.000001     0.000014     0.000057     0.001769     0.004037     0.002558     0.024410     0.007058     0.017963     0.256718     0.671359 
    0.012216     0.000897     0.000281     0.000180     0.000039     0.000237     0.000024     0.000105     0.000077     0.000004     0.000018     0.000077     0.001359     0.003515     0.002383     0.022104     0.006838     0.016469     0.246686     0.686490 
    0.012322     0.000853     0.000285     0.000118     0.000032     0.000250     0.000019     0.000120     0.000055     0.000008     0.000022     0.000095     0.001022     0.003015     0.002203     0.019929     0.006608     0.015084     0.236480     0.701478 
    0.012423     0.000811     0.000278     0.000072     0.000034     0.000246     0.000018     0.000130     0.000044     0.000014     0.000025     0.000111     0.000751     0.002545     0.002018     0.017881     0.006367     0.013800     0.226133     0.716301 
    0.012519     0.000771     0.000259     0.000042     0.000047     0.000224     0.000020     0.000132     0.000045     0.000020     0.000028     0.000122     0.000538     0.002110     0.001828     0.015959     0.006111     0.012612     0.215679     0.730935 
    0.012608     0.000732     0.000231     0.000026     0.000072     0.000187     0.000023     0.000124     0.000058     0.000028     0.000030     0.000128     0.000375     0.001716     0.001635     0.014163     0.005839     0.011512     0.205152     0.745361 
    0.012690     0.000694     0.000198     0.000018     0.000107     0.000140     0.000027     0.000108     0.000084     0.000035     0.000032     0.000128     0.000254     0.001367     0.001442     0.012492     0.005550     0.010494     0.194584     0.759556 
    0.012764     0.000659     0.000165     0.000014     0.000146     0.000091     0.000033     0.000084     0.000119     0.000042     0.000034     0.000123     0.000168     0.001063     0.001251     0.010943     0.005244     0.009550     0.184008     0.773499 
    0.012831     0.000625     0.000133     0.000010     0.000183     0.000048     0.000039     0.000056     0.000159     0.000049     0.000035     0.000114     0.000110     0.000805     0.001066     0.009516     0.004923     0.008673     0.173457     0.787169 
    0.012889     0.000596     0.000106     0.000006     0.000211     0.000017     0.000045     0.000029     0.000198     0.000054     0.000035     0.000102     0.000073     0.000591     0.000889     0.008209     0.004589     0.007856     0.162961     0.800544 
    0.012937     0.000570     0.000084     0.000002     0.000224     0.000002     0.000052     0.000009     0.000229     0.000058     0.000034     0.000088     0.000051     0.000420     0.000725     0.007020     0.004243     0.007093     0.152551     0.813605 
    0.012977     0.000551     0.000066     0.000000     0.000219     0.000005     0.000058     0.000001     0.000249     0.000061     0.000032     0.000073     0.000041     0.000287     0.000576     0.005948     0.003890     0.006379     0.142258     0.826330 
    0.013006     0.000538     0.000051     0.000002     0.000197     0.000023     0.000063     0.000011     0.000252     0.000062     0.000029     0.000058     0.000038     0.000187     0.000444     0.004988     0.003534     0.005710     0.132109     0.838699 
    0.013025     0.000532     0.000038     0.000007     0.000160     0.000053     0.000066     0.000038     0.000238     0.000062     0.000025     0.000045     0.000038     0.000116     0.000330     0.004137     0.003180     0.005083     0.122135     0.850692 
    0.013035     0.000535     0.000025     0.000017     0.000116     0.000089     0.000066     0.000082     0.000209     0.000062     0.000020     0.000033     0.000040     0.000068     0.000235     0.003390     0.002831     0.004494     0.112363     0.862291 
    0.013035     0.000545     0.000014     0.000029     0.000072     0.000123     0.000063     0.000135     0.000170     0.000061     0.000015     0.000024     0.000043     0.000040     0.000158     0.002742     0.002492     0.003943     0.102821     0.873475 
    0.013025     0.000563     0.000005     0.000040     0.000037     0.000152     0.000057     0.000190     0.000127     0.000061     0.000010     0.000016     0.000044     0.000025     0.000100     0.002187     0.002169     0.003429     0.093537     0.884225 
    0.013006     0.000587     0.000001     0.000048     0.000017     0.000172     0.000050     0.000236     0.000089     0.000061     0.000006     0.000011     0.000044     0.000021     0.000057     0.001717     0.001864     0.002953     0.084538     0.894523 
    0.012979     0.000615     0.000005     0.000051     0.000015     0.000179     0.000042     0.000263     0.000061     0.000061     0.000003     0.000007     0.000043     0.000023     0.000029     0.001326     0.001581     0.002514     0.075852     0.904352 
    0.012943     0.000647     0.000016     0.000047     0.000032     0.000175     0.000035     0.000267     0.000048     0.000063     0.000002     0.000004     0.000040     0.000030     0.000013     0.001006     0.001322     0.002113     0.067504     0.913692 
    0.012899     0.000681     0.000038     0.000039     0.000065     0.000160     0.000031     0.000245     0.000051     0.000064     0.000003     0.000003     0.000036     0.000039     0.000006     0.000748     0.001090     0.001752     0.059523     0.922528 
    0.012849     0.000714     0.000069     0.000027     0.000109     0.000136     0.000030     0.000203     0.000066     0.000067     0.000006     0.000003     0.000032     0.000048     0.000005     0.000546     0.000884     0.001430     0.051935     0.930842 
    0.012792     0.000745     0.000110     0.000015     0.000159     0.000107     0.000030     0.000148     0.000088     0.000069     0.000011     0.000004     0.000028     0.000056     0.000009     0.000391     0.000705     0.001148     0.044767     0.938619 
    0.012729     0.000773     0.000158     0.000006     0.000208     0.000077     0.000032     0.000092     0.000110     0.000071     0.000016     0.000007     0.000024     0.000063     0.000014     0.000275     0.000552     0.000905     0.038045     0.945844 
    0.012661     0.000797     0.000211     0.000001     0.000251     0.000047     0.000033     0.000046     0.000125     0.000072     0.000021     0.000012     0.000021     0.000069     0.000021     0.000192     0.000424     0.000700     0.031796     0.952501 
    0.012588     0.000817     0.000266     0.000003     0.000284     0.000023     0.000033     0.000017     0.000129     0.000072     0.000025     0.000019     0.000019     0.000072     0.000026     0.000135     0.000319     0.000530     0.026044     0.958579 
    0.012510     0.000833     0.000321     0.000011     0.000306     0.000008     0.000031     0.000010     0.000119     0.000071     0.000027     0.000028     0.000019     0.000073     0.000031     0.000098     0.000235     0.000393     0.020812     0.964063 
    0.012428     0.000846     0.000372     0.000025     0.000317     0.000004     0.000028     0.000022     0.000099     0.000067     0.000028     0.000039     0.000022     0.000072     0.000033     0.000076     0.000170     0.000287     0.016125     0.968943 
    0.012341     0.000857     0.000416     0.000044     0.000317     0.000012     0.000025     0.000048     0.000071     0.000061     0.000027     0.000051     0.000026     0.000069     0.000034     0.000065     0.000119     0.000206     0.012002     0.973208 
    0.012251     0.000868     0.000448     0.000069     0.000309     0.000035     0.000024     0.000080     0.000042     0.000054     0.000024     0.000063     0.000032     0.000063     0.000034     0.000061     0.000082     0.000148     0.008463     0.976849 
    0.012156     0.000881     0.000467     0.000099     0.000296     0.000071     0.000025     0.000111     0.000018     0.000046     0.000020     0.000074     0.000041     0.000056     0.000033     0.000061     0.000056     0.000108     0.005525     0.979858 
    0.012057     0.000899     0.000468     0.000134     0.000279     0.000118     0.000029     0.000135     0.000004     0.000037     0.000016     0.000083     0.000051     0.000047     0.000031     0.000063     0.000038     0.000083     0.003201     0.982228 
    0.011954     0.000922     0.000450     0.000176     0.000261     0.000172     0.000036     0.000149     0.000003     0.000028     0.000012     0.000089     0.000063     0.000037     0.000029     0.000066     0.000026     0.000070     0.001503     0.983954 
    0.011846     0.000953     0.000413     0.000225     0.000244     0.000228     0.000045     0.000155     0.000016     0.000020     0.000010     0.000092     0.000075     0.000027     0.000026     0.000067     0.000019     0.000066     0.000440     0.985033 
    0.011734     0.000994     0.000360     0.000280     0.000226     0.000281     0.000055     0.000153     0.000042     0.000013     0.000009     0.000091     0.000088     0.000018     0.000024     0.000066     0.000016     0.000070     0.000017     0.985461 
