    1.000000     0.000000     0.000000     0.000000     0.000000     0.000000     0.000000     0.000000     0.000000     0.000000     0.000000     0.000000     0.000000     0.000000     0.000000     0.000000     0.000000     0.000000     0.000000     0.000000 
    0.990042     0.009934     0.000025     0.000000     0.000000     0.000000     0.000000     0.000000     0.000000     0.000000     0.000000     0.000000     0.000000     0.000000     0.000000     0.000000     0.000000     0.000000     0.000000     0.000000 
    0.960660     0.038946     0.000392     0.000002     0.000000     0.000000     0.000000     0.000000     0.000000     0.000000     0.000000     0.000000     0.000000     0.000000     0.000000     0.000000     0.000000     0.000000     0.000000     0.000000 
    0.913305     0.084740     0.001936     0.000020     0.000000     0.000000     0.000000     0.000000     0.000000     0.000000     0.000000     0.000000     0.000000     0.000000     0.000000     0.000000     0.000000     0.000000     0.000000     0.000000 
    0.850278     0.143708     0.005906     0.000107     0.000001     0.000000     0.000000     0.000000     0.000000     0.000000     0.000000     0.000000     0.000000     0.000000     0.000000     0.000000     0.000000     0.000000     0.000000     0.000000 
    0.774578     0.211245     0.013778     0.000393     0.000006     0.000000     0.000000     0.000000     0.000000     0.000000     0.000000     0.000000     0.000000     0.000000     0.000000     0.000000     0.000000     0.000000     0.000000     0.000000 
    0.689700     0.282135     0.027018     0.001121     0.000026     0.000000     0.000000     0.000000     0.000000     0.000000     0.000000     0.000000     0.000000     0.000000     0.000000     0.000000     0.000000     0.000000     0.000000     0.000000 
    0.599403     0.350992     0.046837     0.002682     0.000085     0.000002     0.000000     0.000000     0.000000     0.000000     0.000000     0.000000     0.000000     0.000000     0.000000     0.000000     0.000000     0.000000     0.000000     0.000000 
    0.507471     0.412703     0.073964     0.005621     0.000235     0.000006     0.000000     0.000000     0.000000     0.000000     0.000000     0.000000     0.000000     0.000000     0.000000     0.000000     0.000000     0.000000     0.000000     0.000000 
    0.417484     0.462834     0.108465     0.010629     0.000569     0.000019     0.000000     0.000000     0.000000     0.000000     0.000000     0.000000     0.000000     0.000000     0.000000     0.000000     0.000000     0.000000     0.000000     0.000000 
    0.332612     0.497967     0.149637     0.018491     0.001239     0.000052     0.000001     0.000000     0.000000     0.000000     0.000000     0.000000     0.000000     0.000000     0.000000     0.000000     0.000000     0.000000     0.000000     0.000000 
    0.255450     0.515938     0.195988     0.030020     0.002471     0.000127     0.000004     0.000000     0.000000     0.000000     0.000000     0.000000     0.000000     0.000000     0.000000     0.000000     0.000000     0.000000     0.000000     0.000000 
    0.187912     0.515955     0.245309     0.045949     0.004580     0.000283     0.000012     0.000000     0.000000     0.000000     0.000000     0.000000     0.000000     0.000000     0.000000     0.000000     0.000000     0.000000     0.000000     0.000000 
    0.131166     0.498594     0.294833     0.066823     0.007967     0.000586     0.000029     0.000001     0.000000     0.000000     0.000000     0.000000     0.000000     0.000000     0.000000     0.000000     0.000000     0.000000     0.000000     0.000000 
    0.085644     0.465680     0.341470     0.092883     0.013118     0.001136     0.000067     0.000003     0.000000     0.000000     0.000000     0.000000     0.000000     0.000000     0.000000     0.000000     0.000000     0.000000     0.000000     0.000000 
    0.051094     0.420062     0.382079     0.123968     0.020572     0.002077     0.000141     0.000007     0.000000     0.000000     0.000000     0.000000     0.000000     0.000000     0.000000     0.000000     0.000000     0.000000     0.000000     0.000000 
    0.026680     0.365311     0.413770     0.159444     0.030886     0.003610     0.000283     0.000016     0.000001     0.000000     0.000000     0.000000     0.000000     0.000000     0.000000     0.000000     0.000000     0.000000     0.000000     0.000000 
    0.011115     0.305383     0.434178     0.198180     0.044577     0.005993     0.000537     0.000035     0.000002     0.000000     0.000000     0.000000     0.000000     0.000000     0.000000     0.000000     0.000000     0.000000     0.000000     0.000000 
    0.002813     0.244262     0.441699     0.238576     0.062056     0.009546     0.000974     0.000071     0.000004     0.000000     0.000000     0.000000     0.000000     0.000000     0.000000     0.000000     0.000000     0.000000     0.000000     0.000000 
    0.000046     0.185629     0.435653     0.278642     0.083551     0.014641     0.001690     0.000139     0.000009     0.000000     0.000000     0.000000     0.000000     0.000000     0.000000     0.000000     0.000000     0.000000     0.000000     0.000000 
    0.001090     0.132589     0.416357     0.316134     0.109043     0.021686     0.002821     0.000260     0.000018     0.000001     0.000000     0.000000     0.000000     0.000000     0.000000     0.000000     0.000000     0.000000     0.000000     0.000000 
    0.004359     0.087466     0.385099     0.348726     0.138200     0.031101     0.004543     0.000467     0.000036     0.000002     0.000000     0.000000     0.000000     0.000000     0.000000     0.000000     0.000000     0.000000     0.000000     0.000000 
    0.008495     0.051688     0.344025     0.374210     0.170345     0.043278     0.007074     0.000810     0.000069     0.000005     0.000000     0.000000     0.000000     0.000000     0.000000     0.000000     0.000000     0.000000     0.000000     0.000000 
    0.012442     0.025765     0.295939     0.390700     0.204444     0.058537     0.010678     0.001357     0.000127     0.000009     0.000000     0.000000     0.000000     0.000000     0.000000     0.000000     0.000000     0.000000     0.000000     0.000000 
    0.015469     0.009353     0.244047     0.396817     0.239132     0.077077     0.015657     0.002202     0.000228     0.000018     0.000001     0.000000     0.000000     0.000000     0.000000     0.000000     0.000000     0.000000     0.000000     0.000000 
    0.017169     0.001388     0.191667     0.391841     0.272778     0.098921     0.022336     0.003469     0.000395     0.000035     0.000002     0.000000     0.000000     0.000000     0.000000     0.000000     0.000000     0.000000     0.000000     0.000000 
    0.017426     0.000279     0.141940     0.375803     0.303583     0.123875     0.031048     0.005313     0.000663     0.000065     0.000004     0.000000     0.000000     0.000000     0.000000     0.000000     0.000000     0.000000     0.000000     0.000000 
    0.016360     0.004124     0.097570     0.349513     0.329711     0.151489     0.042103     0.007925     0.001081     0.000116     0.000008     0.000001     0.000000     0.000000     0.000000     0.000000     0.000000     0.000000     0.000000     0.000000 
    0.014257     0.010932     0.060610     0.314508     0.349432     0.181039     0.055760     0.011528     0.001718     0.000201     0.000014     0.000001     0.000000     0.000000     0.000000     0.000000     0.000000     0.000000     0.000000     0.000000 
    0.011503     0.018826     0.032332     0.272939     0.361278     0.211533     0.072187     0.016374     0.002660     0.000340     0.000025     0.000002     0.000000     0.000000     0.000000     0.000000     0.000000     0.000000     0.000000     0.000000 
    0.008506     0.026217     0.013172     0.227391     0.364186     0.241744     0.091424     0.022732     0.004019     0.000560     0.000044     0.000004     0.000000     0.000000     0.000000     0.000000     0.000000     0.000000     0.000000     0.000000 
    0.005645     0.031910     0.002760     0.180668     0.357617     0.270261     0.113345     0.030876     0.005934     0.000901     0.000076     0.000007     0.000001     0.000000     0.000000     0.000000     0.000000     0.000000     0.000000     0.000000 
    0.003222     0.035173     0.000031     0.135547     0.341631     0.295581     0.137628     0.041062     0.008569     0.001417     0.000126     0.000013     0.000001     0.000000     0.000000     0.000000     0.000000     0.000000     0.000000     0.000000 
    0.001434     0.035736     0.003391     0.094551     0.316918     0.316207     0.163737     0.053505     0.012112     0.002180     0.000204     0.000022     0.000002     0.000000     0.000000     0.000000     0.000000     0.000000     0.000000     0.000000 
    0.000368     0.033743     0.010928     0.059732     0.284772     0.330765     0.190917     0.068353     0.016771     0.003286     0.000322     0.000038     0.000004     0.000000     0.000000     0.000000     0.000000     0.000000     0.000000     0.000000 
    0.000002     0.029666     0.020626     0.032523     0.247002     0.338129     0.218210     0.085653     0.022764     0.004855     0.000499     0.000063     0.000006     0.000001     0.000000     0.000000     0.000000     0.000000     0.000000     0.000000 
    0.000228     0.024194     0.030588     0.013634     0.205804     0.337523     0.244485     0.105326     0.030307     0.007040     0.000758     0.000103     0.000011     0.000001     0.000000     0.000000     0.000000     0.000000     0.000000     0.000000 
    0.000878     0.018111     0.039205     0.003036     0.163585     0.328620     0.268500     0.127138     0.039596     0.010021     0.001126     0.000164     0.000019     0.000002     0.000000     0.000000     0.000000     0.000000     0.000000     0.000000 
    0.001755     0.012182     0.045297     0.000011     0.122766     0.311594     0.288971     0.150688     0.050786     0.014017     0.001642     0.000256     0.000032     0.000003     0.000000     0.000000     0.000000     0.000000     0.000000     0.000000 
    0.002666     0.007054     0.048179     0.003266     0.085587     0.287144     0.304664     0.175397     0.063970     0.019275     0.002349     0.000391     0.000052     0.000006     0.000001     0.000000     0.000000     0.000000     0.000000     0.000000 
    0.003441     0.003192     0.047677     0.011099     0.053919     0.256467     0.314486     0.200514     0.079150     0.026073     0.003301     0.000588     0.000084     0.000010     0.000001     0.000000     0.000000     0.000000     0.000000     0.000000 
    0.003960     0.000836     0.044076     0.021601     0.029118     0.221185     0.317583     0.225140     0.096218     0.034709     0.004557     0.000868     0.000132     0.000016     0.000002     0.000000     0.000000     0.000000     0.000000     0.000000 
    0.004157     0.000005     0.038030     0.032854     0.011924     0.183239     0.313430     0.248265     0.114929     0.045492     0.006184     0.001258     0.000203     0.000027     0.000003     0.000000     0.000000     0.000000     0.000000     0.000000 
    0.004024     0.000515     0.030436     0.043129     0.002422     0.144739     0.301892     0.268819     0.134891     0.058729     0.008254     0.001793     0.000308     0.000043     0.000005     0.000000     0.000000     0.000000     0.000000     0.000000 
    0.003602     0.002035     0.022289     0.051045     0.000064     0.107806     0.283273     0.285739     0.155554     0.074704     0.010841     0.002513     0.000459     0.000068     0.000008     0.000001     0.000000     0.000000     0.000000     0.000000 
    0.002972     0.004145     0.014551     0.055673     0.003751     0.074397     0.258320     0.298042     0.176221     0.093656     0.014013     0.003466     0.000673     0.000106     0.000014     0.000002     0.000000     0.000000     0.000000     0.000000 
    0.002234     0.006401     0.008032     0.056596     0.011968     0.046151     0.228200     0.304904     0.196060     0.115757     0.017834     0.004706     0.000970     0.000161     0.000022     0.000003     0.000000     0.000000     0.000000     0.000000 
    0.001493     0.008403     0.003299     0.053897     0.022951     0.024258     0.194432     0.305730     0.214146     0.141081     0.022354     0.006293     0.001378     0.000243     0.000035     0.000004     0.000000     0.000000     0.000000     0.000000 
    0.000845     0.009839     0.000637     0.048099     0.034874     0.009364     0.158795     0.300218     0.229502     0.169585     0.027602     0.008290     0.001928     0.000359     0.000055     0.000007     0.000001     0.000000     0.000000     0.000000 
    0.000359     0.010516     0.000035     0.040055     0.046030     0.001534     0.123202     0.288405     0.241167     0.201077     0.033580     0.010762     0.002657     0.000524     0.000085     0.000011     0.000001     0.000000     0.000000     0.000000 
    0.000076     0.010376     0.001224     0.030819     0.054992     0.000259     0.089564     0.270685     0.248263     0.235203     0.040259     0.013769     0.003608     0.000753     0.000128     0.000018     0.000002     0.000000     0.000000     0.000000 
    0.000002     0.009485     0.003736     0.021493     0.060738     0.004530     0.059644     0.247805     0.250078     0.271429     0.047569     0.017370     0.004832     0.001066     0.000192     0.000029     0.000004     0.000000     0.000000     0.000000 
    0.000114     0.008014     0.006984     0.013094     0.062717     0.012942     0.034922     0.220826     0.246140     0.309039     0.055400     0.021607     0.006381     0.001488     0.000282     0.000045     0.000006     0.000001     0.000000     0.000000 
    0.000365     0.006197     0.010353     0.006433     0.060873     0.023846     0.016488     0.191061     0.236290     0.347143     0.063595     0.026508     0.008312     0.002049     0.000410     0.000068     0.000010     0.000001     0.000000     0.000000 
    0.000694     0.004296     0.013282     0.002037     0.055603     0.035516     0.004954     0.159985     0.220733     0.384694     0.071955     0.032079     0.010683     0.002784     0.000586     0.000102     0.000015     0.000002     0.000000     0.000000 
    0.001034     0.002562     0.015335     0.000109     0.047673     0.046318     0.000420     0.129128     0.200077     0.420518     0.080242     0.038296     0.013549     0.003732     0.000828     0.000152     0.000024     0.000003     0.000000     0.000000 
    0.001327     0.001195     0.016245     0.000528     0.038097     0.054866     0.002479     0.099962     0.175333     0.453365     0.088183     0.045104     0.016960     0.004939     0.001155     0.000223     0.000036     0.000005     0.000001     0.000000 
    0.001525     0.000326     0.015933     0.002900     0.027997     0.060150     0.010262     0.073786     0.147888     0.481955     0.095487     0.052409     0.020956     0.006452     0.001589     0.000322     0.000055     0.000008     0.000001     0.000000 
    0.001603     0.000003     0.014501     0.006625     0.018460     0.061614     0.022532     0.051630     0.119447     0.505054     0.101850     0.060080     0.025563     0.008324     0.002159     0.000459     0.000082     0.000012     0.000002     0.000000 
    0.001554     0.000192     0.012201     0.010998     0.010408     0.059193     0.037799     0.034178     0.091935     0.521535     0.106981     0.067947     0.030787     0.010605     0.002897     0.000647     0.000121     0.000019     0.000003     0.000000 
    0.001392     0.000789     0.009387     0.015302     0.004503     0.053291     0.054465     0.021724     0.067372     0.530456     0.110609     0.075802     0.036610     0.013347     0.003840     0.000900     0.000176     0.000029     0.000004     0.000001 
    0.001147     0.001644     0.006455     0.018906     0.001080     0.044719     0.070958     0.014166     0.047731     0.531125     0.112510     0.083408     0.042986     0.016593     0.005030     0.001238     0.000253     0.000044     0.000006     0.000001 
    0.000857     0.002583     0.003789     0.021335     0.000137     0.034582     0.085875     0.011038     0.034779     0.523160     0.112519     0.090502     0.049836     0.020380     0.006510     0.001682     0.000360     0.000066     0.000010     0.000002 
    0.000566     0.003437     0.001705     0.022316     0.001357     0.024153     0.098086     0.011575     0.029925     0.506535     0.110545     0.096811     0.057048     0.024733     0.008327     0.002259     0.000507     0.000096     0.000015     0.000003 
    0.000311     0.004068     0.000416     0.021800     0.004178     0.014724     0.106820     0.014818     0.034081     0.481607     0.106585     0.102064     0.064473     0.029657     0.010529     0.002999     0.000704     0.000140     0.000023     0.000004 
    0.000124     0.004382     0.000012     0.019938     0.007883     0.007469     0.111695     0.019720     0.047552     0.449119     0.100728     0.106003     0.071929     0.035140     0.013159     0.003936     0.000967     0.000201     0.000034     0.000007 
    0.000021     0.004341     0.000458     0.017051     0.011709     0.003325     0.112727     0.025278     0.069972     0.410179     0.093157     0.108405     0.079207     0.041140     0.016260     0.005109     0.001314     0.000285     0.000050     0.000011 
    0.000005     0.003965     0.001608     0.013563     0.014956     0.002901     0.110280     0.030641     0.100281     0.366220     0.084143     0.109092     0.086073     0.047592     0.019864     0.006558     0.001766     0.000401     0.000074     0.000016 
    0.000065     0.003324     0.003238     0.009935     0.017085     0.006433     0.105000     0.035212     0.136770     0.318925     0.074034     0.107951     0.092277     0.054397     0.023994     0.008326     0.002348     0.000556     0.000106     0.000025 
    0.000182     0.002522     0.005081     0.006596     0.017785     0.013771     0.097716     0.038704     0.177174     0.270145     0.063238     0.104941     0.097570     0.061424     0.028656     0.010455     0.003087     0.000765     0.000152     0.000037 
    0.000326     0.001684     0.006867     0.003890     0.017016     0.024420     0.089338     0.041166     0.218826     0.221793     0.052198     0.100103     0.101708     0.068515     0.033839     0.012987     0.004016     0.001040     0.000214     0.000056 
    0.000468     0.000932     0.008363     0.002032     0.015008     0.037603     0.080749     0.042963     0.258839     0.175734     0.041369     0.093565     0.104474     0.075481     0.039509     0.015960     0.005169     0.001399     0.000299     0.000082 
    0.000582     0.000374     0.009399     0.001091     0.012235     0.052357     0.072722     0.044707     0.294336     0.133674     0.031192     0.085539     0.105686     0.082112     0.045608     0.019404     0.006585     0.001864     0.000412     0.000119 
    0.000646     0.000083     0.009886     0.001000     0.009347     0.067637     0.065851     0.047168     0.322670     0.097056     0.022060     0.076314     0.105217     0.088183     0.052048     0.023339     0.008301     0.002458     0.000563     0.000172 
    0.000652     0.000098     0.009818     0.001579     0.007089     0.082421     0.060511     0.051142     0.341650     0.066974     0.014301     0.066242     0.102998     0.093462     0.058716     0.027773     0.010356     0.003209     0.000762     0.000246 
    0.000600     0.000415     0.009269     0.002579     0.006209     0.095807     0.056856     0.057324     0.349725     0.044110     0.008152     0.055723     0.099036     0.097722     0.065468     0.032697     0.012788     0.004149     0.001020     0.000348 
    0.000502     0.000995     0.008369     0.003738     0.007368     0.107085     0.054837     0.066185     0.346130     0.028696     0.003746     0.045182     0.093414     0.100753     0.072137     0.038082     0.015630     0.005311     0.001352     0.000488 
    0.000379     0.001768     0.007281     0.004831     0.011054     0.115780     0.054245     0.077866     0.330964     0.020512     0.001107     0.035043     0.086295     0.102375     0.078533     0.043877     0.018908     0.006733     0.001773     0.000677 
    0.000258     0.002654     0.006179     0.005717     0.017528     0.121673     0.054771     0.092121     0.305191     0.018912     0.000146     0.025704     0.077915     0.102451     0.084448     0.050006     0.022639     0.008454     0.002302     0.000931 
    0.000172     0.003566     0.005216     0.006375     0.026792     0.124786     0.056066     0.108291     0.270579     0.022886     0.000675     0.017516     0.068577     0.100895     0.089670     0.056368     0.026829     0.010514     0.002958     0.001269 
    0.000150     0.004427     0.004514     0.006915     0.038586     0.125344     0.057799     0.125345     0.229560     0.031141     0.002422     0.010754     0.058635     0.097688     0.093986     0.062837     0.031466     0.012951     0.003765     0.001715 
    0.000221     0.005179     0.004149     0.007575     0.052410     0.123725     0.059702     0.141967     0.185025     0.042209     0.005052     0.005607     0.048479     0.092878     0.097194     0.069261     0.036524     0.015804     0.004743     0.002295 
    0.000408     0.005790     0.004153     0.008694     0.067580     0.120395     0.061592     0.156678     0.140093     0.054559     0.008195     0.002162     0.038508     0.086586     0.099119     0.075472     0.041951     0.019104     0.005916     0.003046 
    0.000728     0.006255     0.004523     0.010670     0.083290     0.115843     0.063378     0.167997     0.097841     0.066715     0.011476     0.000400     0.029115     0.079004     0.099617     0.081281     0.047676     0.022878     0.007305     0.004006 
    0.001193     0.006592     0.005240     0.013909     0.098688     0.110530     0.065045     0.174613     0.061051     0.077364     0.014542     0.000201     0.020657     0.070389     0.098593     0.086495     0.053602     0.027142     0.008930     0.005225 
    0.001809     0.006844     0.006282     0.018768     0.112950     0.104844     0.066621     0.175541     0.031971     0.085448     0.017090     0.001353     0.013436     0.061052     0.096004     0.090915     0.059609     0.031901     0.010806     0.006756 
    0.002580     0.007065     0.007650     0.025501     0.125352     0.099073     0.068137     0.170264     0.012137     0.090230     0.018889     0.003569     0.007679     0.051346     0.091872     0.094355     0.065553     0.037145     0.012943     0.008661 
    0.003512     0.007315     0.009383     0.034213     0.135314     0.093398     0.069590     0.158814     0.002251     0.091334     0.019793     0.006510     0.003525     0.041643     0.086283     0.096645     0.071272     0.042848     0.015344     0.011011 
    0.004611     0.007657     0.011569     0.044837     0.142444     0.087898     0.070910     0.141815     0.002146     0.088750     0.019746     0.009814     0.001015     0.032319     0.079393     0.097642     0.076586     0.048965     0.018000     0.013882 
    0.005890     0.008146     0.014343     0.057118     0.146541     0.082570     0.071941     0.120445     0.010817     0.082808     0.018787     0.013119     0.000092     0.023729     0.071418     0.097246     0.081307     0.055431     0.020893     0.017356 
    0.007373     0.008832     0.017880     0.070629     0.147600     0.077358     0.072445     0.096342     0.026548     0.074127     0.017035     0.016095     0.000605     0.016187     0.062632     0.095400     0.085243     0.062161     0.023990     0.021520 
    0.009090     0.009754     0.022377     0.084790     0.145781     0.072176     0.072126     0.071463     0.047083     0.063536     0.014676     0.018463     0.002319     0.009945     0.053352     0.092105     0.088210     0.069048     0.027242     0.026464 
    0.011085     0.010947     0.028030     0.098921     0.141381     0.066941     0.070669     0.047886     0.069861     0.051988     0.011939     0.020020     0.004940     0.005180     0.043925     0.087417     0.090039     0.075968     0.030586     0.032277 
    0.013415     0.012440     0.035000     0.112288     0.134789     0.061588     0.067799     0.027606     0.092263     0.040459     0.009075     0.020647     0.008130     0.001980     0.034711     0.081455     0.090588     0.082780     0.033942     0.039044 
    0.016150     0.014263     0.043387     0.124168     0.126446     0.056089     0.063334     0.012328     0.111862     0.029859     0.006331     0.020317     0.011535     0.000341     0.026060     0.074396     0.089750     0.089330     0.037212     0.046843 
    0.019373     0.016443     0.053200     0.133899     0.116807     0.050453     0.057243     0.003288     0.126645     0.020944     0.003926     0.019087     0.014813     0.000165     0.018296     0.066469     0.087466     0.095456     0.040288     0.055740 
    0.023178     0.019008     0.064341     0.140936     0.106304     0.044725     0.049685     0.001114     0.135191     0.014264     0.002031     0.017097     0.017657     0.001271     0.011697     0.057944     0.083731     0.100995     0.043049     0.065783 
    0.027674     0.021981     0.076594     0.144887     0.095329     0.038978     0.041024     0.005759     0.136782     0.010113     0.000757     0.014545     0.019820     0.003406     0.006477     0.049125     0.078600     0.105787     0.045368     0.076996 
    0.032976     0.025377     0.089625     0.145541     0.084218     0.033305     0.031819     0.016498     0.131442     0.008524     0.000147     0.011668     0.021127     0.006262     0.002774     0.040328     0.072192     0.109684     0.047116     0.089377 
    0.039210     0.029189     0.103000     0.142873     0.073249     0.027806     0.022786     0.032005     0.119895     0.009283     0.000177     0.008720     0.021487     0.009503     0.000641     0.031868     0.064691     0.112557     0.048172     0.102888 
    0.046506     0.033384     0.116205     0.137044     0.062641     0.022583     0.014724     0.050483     0.103464     0.011964     0.000760     0.005947     0.020899     0.012788     0.000045     0.024038     0.056343     0.114303     0.048429     0.117450 
    0.054996     0.037890     0.128684     0.128377     0.052567     0.017737     0.008435     0.069860     0.083902     0.015987     0.001761     0.003563     0.019443     0.015794     0.000866     0.017094     0.047450     0.114850     0.047800     0.132942 
    0.064804     0.042588     0.139877     0.117331     0.043161     0.013368     0.004622     0.088009     0.063194     0.020689     0.003015     0.001733     0.017271     0.018243     0.002911     0.011238     0.038355     0.114162     0.046233     0.149197 
    0.076042     0.047312     0.149258     0.104466     0.034527     0.009580     0.003794     0.102966     0.043335     0.025395     0.004342     0.000561     0.014589     0.019919     0.005921     0.006603     0.029436     0.112243     0.043714     0.165997 
    0.088800     0.051847     0.156379     0.090400     0.026752     0.006481     0.006192     0.113145     0.026129     0.029488     0.005570     0.000081     0.011636     0.020682     0.009595     0.003249     0.021083     0.109138     0.040276     0.183075 
    0.103136     0.055934     0.160899     0.075776     0.019907     0.004190     0.011731     0.117497     0.013002     0.032468     0.006553     0.000260     0.008662     0.020482     0.013608     0.001156     0.013682     0.104933     0.036008     0.200119 
    0.119060     0.059291     0.162610     0.061222     0.014045     0.002829     0.019985     0.115614     0.004871     0.034000     0.007180     0.001004     0.005899     0.019352     0.017635     0.000225     0.007596     0.099750     0.031056     0.216774 
    0.136527     0.061627     0.161449     0.047324     0.009209     0.002524     0.030215     0.107766     0.002078     0.033933     0.007390     0.002173     0.003548     0.017408     0.021372     0.000290     0.003145     0.093744     0.025624     0.232654 
    0.155424     0.062670     0.157503     0.034605     0.005416     0.003381     0.041426     0.094852     0.004376     0.032305     0.007173     0.003595     0.001756     0.014836     0.024556     0.001127     0.000586     0.087095     0.019972     0.247345 
    0.175556     0.062196     0.150993     0.023505     0.002662     0.005478     0.052474     0.078292     0.010993     0.029325     0.006568     0.005087     0.000607     0.011873     0.026983     0.002475     0.000101     0.079999     0.014411     0.260424 
    0.196644     0.060059     0.142263     0.014374     0.000912     0.008833     0.062179     0.059857     0.020738     0.025340     0.005653     0.006472     0.000115     0.008784     0.028519     0.004054     0.001782     0.072661     0.009290     0.271471 
    0.218320     0.056214     0.131742     0.007471     0.000098     0.013392     0.069468     0.041464     0.032159     0.020787     0.004539     0.007599     0.000231     0.005843     0.029102     0.005593     0.005626     0.065282     0.004983     0.280087 
    0.240127     0.050743     0.119921     0.002961     0.000118     0.019006     0.073495     0.024961     0.043714     0.016136     0.003351     0.008357     0.000847     0.003307     0.028746     0.006849     0.011529     0.058050     0.001872     0.285909 
    0.261529     0.043868     0.107312     0.000922     0.000838     0.025425     0.073747     0.011918     0.053948     0.011841     0.002217     0.008680     0.001811     0.001394     0.027534     0.007634     0.019292     0.051134     0.000322     0.288633 
    0.281922     0.035954     0.094416     0.001350     0.002096     0.032301     0.070120     0.003461     0.061647     0.008284     0.001250     0.008555     0.002948     0.000267     0.025602     0.007829     0.028629     0.044677     0.000664     0.288027 
    0.300657     0.027501     0.081696     0.004164     0.003708     0.039204     0.062938     0.000156     0.065966     0.005744     0.000539     0.008014     0.004075     0.000026     0.023128     0.007400     0.039181     0.038787     0.003167     0.283948 
    0.317064     0.019125     0.069549     0.009220     0.005481     0.045652     0.052932     0.001965     0.066497     0.004369     0.000140     0.007133     0.005026     0.000694     0.020310     0.006402     0.050532     0.033539     0.008014     0.276358 
    0.330480     0.011525     0.058289     0.016309     0.007215     0.051150     0.041170     0.008264     0.063296     0.004166     0.000070     0.006018     0.005666     0.002227     0.017350     0.004982     0.062230     0.028976     0.015288     0.265330 
    0.340286     0.005441     0.048143     0.025174     0.008725     0.055241     0.028942     0.017937     0.056845     0.005015     0.000313     0.004787     0.005906     0.004514     0.014435     0.003369     0.073814     0.025110     0.024948     0.251056 
    0.345944     0.001607     0.039245     0.035510     0.009845     0.057555     0.017617     0.029524     0.047973     0.006688     0.000816     0.003562     0.005715     0.007395     0.011721     0.001858     0.084832     0.021925     0.036824     0.233846 
    0.347022     0.000697     0.031645     0.046976     0.010445     0.057850     0.008497     0.041399     0.037738     0.008883     0.001503     0.002451     0.005118     0.010670     0.009327     0.000788     0.094867     0.019390     0.050611     0.214122 
    0.343237     0.003269     0.025318     0.059206     0.010444     0.056049     0.002664     0.051969     0.027294     0.011267     0.002285     0.001536     0.004197     0.014127     0.007324     0.000518     0.103557     0.017460     0.065874     0.192406 
    0.334472     0.009719     0.020183     0.071812     0.009817     0.052257     0.000859     0.059865     0.017742     0.013511     0.003067     0.000867     0.003082     0.017550     0.005741     0.001394     0.110607     0.016087     0.082061     0.169306 
    0.320799     0.020237     0.016120     0.084400     0.008612     0.046754     0.003397     0.064096     0.010009     0.015335     0.003762     0.000459     0.001933     0.020746     0.004567     0.003721     0.115809     0.015229     0.098525     0.145488 
    0.302486     0.034778     0.012988     0.096580     0.006957     0.039976     0.010131     0.064161     0.004742     0.016532     0.004300     0.000294     0.000932     0.023552     0.003765     0.007734     0.119040     0.014848     0.114552     0.121653 
    0.280001     0.053044     0.010644     0.107976     0.005061     0.032466     0.020467     0.060093     0.002247     0.016991     0.004633     0.000321     0.000257     0.025850     0.003282     0.013573     0.120268     0.014921     0.129401     0.098505 
    0.253994     0.074485     0.008957     0.118240     0.003218     0.024821     0.033428     0.052448     0.002473     0.016699     0.004738     0.000475     0.000071     0.027569     0.003071     0.021269     0.119548     0.015435     0.142341     0.076720 
    0.225278     0.098320     0.007822     0.127061     0.001796     0.017622     0.047771     0.042224     0.005039     0.015742     0.004620     0.000682     0.000502     0.028691     0.003097     0.030727     0.117010     0.016386     0.152697     0.056915 
    0.194798     0.123564     0.007167     0.134174     0.001229     0.011371     0.062117     0.030733     0.009294     0.014278     0.004305     0.000871     0.001634     0.029241     0.003356     0.041730     0.112850     0.017775     0.159893     0.039618 
    0.163586     0.149084     0.006954     0.139373     0.001985     0.006435     0.075110     0.019443     0.014422     0.012519     0.003839     0.000991     0.003498     0.029286     0.003885     0.053947     0.107313     0.019601     0.163491     0.025239 
    0.132715     0.173657     0.007182     0.142515     0.004540     0.003006     0.085556     0.009800     0.019544     0.010694     0.003276     0.001018     0.006073     0.028921     0.004758     0.066944     0.100673     0.021849     0.163225     0.014054 
    0.103247     0.196040     0.007877     0.143525     0.009339     0.001089     0.092554     0.003058     0.023842     0.009023     0.002673     0.000962     0.009284     0.028258     0.006090     0.080213     0.093224     0.024487     0.159027     0.006189 
    0.076179     0.215048     0.009088     0.142400     0.016748     0.000511     0.095574     0.000143     0.026659     0.007685     0.002084     0.000869     0.013012     0.027418     0.008025     0.093199     0.085253     0.027454     0.151036     0.001614 
    0.052392     0.229628     0.010872     0.139207     0.027016     0.000958     0.094503     0.001551     0.027575     0.006797     0.001551     0.000822     0.017105     0.026519     0.010723     0.105338     0.077035     0.030658     0.139601     0.000147 
    0.032608     0.238926     0.013280     0.134083     0.040224     0.002037     0.089633     0.007303     0.026459     0.006405     0.001103     0.000934     0.021391     0.025672     0.014339     0.116084     0.068815     0.033972     0.125267     0.001465 
    0.017346     0.242350     0.016350     0.127225     0.056254     0.003344     0.081605     0.016957     0.023478     0.006479     0.000752     0.001336     0.025690     0.024972     0.019001     0.124952     0.060803     0.037236     0.108747     0.005121 
    0.006901     0.239612     0.020085     0.118888     0.074770     0.004548     0.071315     0.029670     0.019067     0.006921     0.000498     0.002171     0.029831     0.024501     0.024794     0.131539     0.053167     0.040262     0.090883     0.010577 
    0.001324     0.230760     0.024449     0.109367     0.095204     0.005454     0.059794     0.044307     0.013869     0.007587     0.000330     0.003576     0.033660     0.024324     0.031732     0.135556     0.046033     0.042848     0.072594     0.017230 
    0.000423     0.216181     0.029356     0.098991     0.116778     0.006063     0.048082     0.059575     0.008655     0.008308     0.000230     0.005669     0.037056     0.024499     0.039747     0.136839     0.039486     0.044788     0.054821     0.024454 
    0.003774     0.196590     0.034664     0.088102     0.138532     0.006596     0.037104     0.074170     0.004223     0.008920     0.000184     0.008542     0.039927     0.025073     0.048680     0.135357     0.033570     0.045891     0.038470     0.031630 
    0.010746     0.172995     0.040179     0.077043     0.159382     0.007488     0.027579     0.086920     0.001301     0.009290     0.000184     0.012246     0.042223     0.026090     0.058279     0.131216     0.028298     0.046000     0.024347     0.038191 
    0.020545     0.146639     0.045659     0.066141     0.178192     0.009353     0.019957     0.096895     0.000463     0.009341     0.000235     0.016788     0.043930     0.027592     0.068205     0.124645     0.023658     0.045005     0.013109     0.043648 
    0.032252     0.118933     0.050826     0.055692     0.193852     0.012908     0.014393     0.103501     0.002056     0.009074     0.000356     0.022126     0.045065     0.029619     0.078048     0.115977     0.019615     0.042867     0.005221     0.047619 
    0.044886     0.091370     0.055376     0.045947     0.205374     0.018882     0.010778     0.106505     0.006170     0.008572     0.000587     0.028175     0.045675     0.032207     0.087350     0.105632     0.016123     0.039620     0.000921     0.049851 
    0.057461     0.065431     0.059006     0.037106     0.211966     0.027907     0.008790     0.106043     0.012622     0.008003     0.000982     0.034809     0.045827     0.035382     0.095635     0.094084     0.013129     0.035384     0.000207     0.050227 
    0.069043     0.042496     0.061435     0.029303     0.213115     0.040412     0.007983     0.102560     0.020984     0.007615     0.001608     0.041867     0.045601     0.039155     0.102442     0.081835     0.010575     0.030359     0.002841     0.048771 
    0.078808     0.023754     0.062422     0.022614     0.208632     0.056525     0.007889     0.096740     0.030636     0.007711     0.002538     0.049168     0.045084     0.043512     0.107357     0.069383     0.008406     0.024819     0.008366     0.045636 
    0.086086     0.010123     0.061800     0.017049     0.198682     0.076012     0.008110     0.089405     0.040827     0.008634     0.003845     0.056521     0.044362     0.048405     0.110048     0.057195     0.006572     0.019095     0.016139     0.041090 
    0.090407     0.002190     0.059487     0.012567     0.183783     0.098246     0.008402     0.081404     0.050765     0.010734     0.005591     0.063732     0.043513     0.053746     0.110294     0.045684     0.005026     0.013554     0.025384     0.035490 
    0.091518     0.000171     0.055511     0.009078     0.164772     0.122219     0.008724     0.073526     0.059691     0.014339     0.007823     0.070621     0.042609     0.059402     0.108000     0.035192     0.003731     0.008569     0.035250     0.029252 
    0.089395     0.003892     0.050016     0.006460     0.142747     0.146612     0.009255     0.066415     0.066956     0.019735     0.010562     0.077025     0.041709     0.065192     0.103214     0.025975     0.002658     0.004490     0.044874     0.022817 
    0.084243     0.012802     0.043264     0.004570     0.118979     0.169890     0.010365     0.060528     0.072076     0.027136     0.013802     0.082806     0.040856     0.070890     0.096128     0.018200     0.001786     0.001615     0.053445     0.016618 
    0.076469     0.026007     0.035629     0.003260     0.094817     0.190438     0.012554     0.056114     0.074769     0.036675     0.017503     0.087857     0.040081     0.076238     0.087067     0.011944     0.001101     0.000161     0.060268     0.011047 
    0.066653     0.042333     0.027581     0.002385     0.071582     0.206716     0.016361     0.053234     0.074967     0.048386     0.021596     0.092102     0.039401     0.080953     0.076473     0.007199     0.000599     0.000242     0.064809     0.006428 
    0.055499     0.060406     0.019658     0.001816     0.050465     0.217411     0.022261     0.051802     0.072803     0.062211     0.025982     0.095492     0.038818     0.084749     0.064875     0.003884     0.000283     0.001855     0.066739     0.002992 
    0.043783     0.078752     0.012432     0.001446     0.032438     0.221576     0.030559     0.051646     0.068584     0.077996     0.030539     0.098007     0.038319     0.087358     0.052855     0.001859     0.000162     0.004874     0.065946     0.000868 
    0.032298     0.095902     0.006467     0.001193     0.018191     0.218738     0.041300     0.052567     0.062745     0.095510     0.035131     0.099648     0.037880     0.088547     0.041013     0.000940     0.000249     0.009058     0.062545     0.000077 
    0.021790     0.110496     0.002278     0.001000     0.008091     0.208960     0.054213     0.054411     0.055796     0.114451     0.039615     0.100435     0.037461     0.088147     0.029926     0.000915     0.000561     0.014064     0.056856     0.000532 
    0.012908     0.121390     0.000283     0.000834     0.002174     0.192853     0.068697     0.057104     0.048270     0.134467     0.043851     0.100400     0.037012     0.086062     0.020112     0.001562     0.001114     0.019476     0.049376     0.002056 
    0.006154     0.127737     0.000762     0.000678     0.000169     0.171528     0.083843     0.060682     0.040676     0.155173     0.047711     0.099582     0.036473     0.082291     0.011997     0.002661     0.001919     0.024837     0.040729     0.004397 
    0.001855     0.129051     0.003830     0.000531     0.001544     0.146506     0.098518     0.065285     0.033463     0.176168     0.051086     0.098023     0.035777     0.076929     0.005893     0.004009     0.002978     0.029688     0.031610     0.007255 
    0.000137     0.125247     0.009408     0.000399     0.005577     0.119580     0.111469     0.071128     0.026994     0.197048     0.053893     0.095766     0.034856     0.070170     0.001978     0.005426     0.004284     0.033607     0.022726     0.010307 
    0.000919     0.116642     0.017220     0.000292     0.011437     0.092646     0.121470     0.078453     0.021536     0.217420     0.056077     0.092855     0.033643     0.062298     0.000293     0.006766     0.005813     0.036249     0.014733     0.013238 
    0.003932     0.103934     0.026802     0.000222     0.018270     0.067537     0.127466     0.087464     0.017265     0.236912     0.057615     0.089329     0.032083     0.053668     0.000741     0.007913     0.007523     0.037377     0.008181     0.015765 
    0.008738     0.088144     0.037526     0.000202     0.025275     0.045852     0.128714     0.098262     0.014275     0.255177     0.058513     0.085226     0.030138     0.044687     0.003107     0.008790     0.009355     0.036882     0.003475     0.017662 
    0.014774     0.070532     0.048640     0.000245     0.031775     0.028817     0.124901     0.110785     0.012599     0.271903     0.058804     0.080584     0.027794     0.035786     0.007069     0.009353     0.011230     0.034801     0.000838     0.018771 
    0.021396     0.052496     0.059328     0.000366     0.037262     0.017184     0.116210     0.124770     0.012228     0.286811     0.058544     0.075443     0.025068     0.027387     0.012232     0.009585     0.013058     0.031311     0.000302     0.019020 
    0.027942     0.035455     0.068771     0.000582     0.041421     0.011186     0.103349     0.139739     0.013124     0.299661     0.057802     0.069849     0.022011     0.019875     0.018153     0.009500     0.014738     0.026715     0.001713     0.018414 
    0.033780     0.020735     0.076215     0.000915     0.044136     0.010532     0.087507     0.155013     0.015239     0.310254     0.056661     0.063855     0.018713     0.013572     0.024374     0.009128     0.016165     0.021420     0.004749     0.017039 
    0.038365     0.009452     0.081043     0.001385     0.045465     0.014471     0.070269     0.169757     0.018511     0.318431     0.055205     0.057523     0.015297     0.008712     0.030453     0.008518     0.017244     0.015896     0.008958     0.015045 
    0.041282     0.002428     0.082828     0.002015     0.045610     0.021889     0.053474     0.183055     0.022869     0.324075     0.053517     0.050934     0.011917     0.005425     0.035989     0.007727     0.017890     0.010640     0.013807     0.012628 
    0.042281     0.000112     0.081386     0.002820     0.044869     0.031442     0.039048     0.193996     0.028221     0.327114     0.051673     0.044184     0.008746     0.003732     0.040647     0.006818     0.018046     0.006124     0.018728     0.010012 
    0.041292     0.002552     0.076794     0.003803     0.043590     0.041707     0.028815     0.201775     0.034447     0.327519     0.049739     0.037391     0.005965     0.003546     0.044169     0.005855     0.017684     0.002755     0.023180     0.007421 
    0.038430     0.009386     0.069399     0.004956     0.042115     0.051334     0.024317     0.205779     0.041387     0.325304     0.047767     0.030693     0.003749     0.004679     0.046390     0.004900     0.016810     0.000841     0.026695     0.005066 
    0.033982     0.019884     0.059790     0.006248     0.040750     0.059183     0.026662     0.205669     0.048837     0.320524     0.045795     0.024250     0.002248     0.006866     0.047235     0.004011     0.015473     0.000555     0.028921     0.003118 
    0.028375     0.033007     0.048758     0.007633     0.039729     0.064425     0.036399     0.201420     0.056549     0.313271     0.043846     0.018243     0.001576     0.009785     0.046719     0.003236     0.013755     0.001925     0.029650     0.001698 
    0.022141     0.047506     0.037226     0.009047     0.039204     0.066619     0.053466     0.193345     0.064244     0.303671     0.041930     0.012866     0.001790     0.013083     0.044936     0.002618     0.011772     0.004832     0.028836     0.000868 
    0.015863     0.062035     0.026166     0.010423     0.039243     0.065726     0.077181     0.182066     0.071625     0.291880     0.040045     0.008323     0.002887     0.016412     0.042044     0.002187     0.009662     0.009015     0.026590     0.000628 
    0.010122     0.075269     0.016510     0.011697     0.039835     0.062096     0.106299     0.168460     0.078407     0.278075     0.038180     0.004819     0.004796     0.019447     0.038254     0.001966     0.007576     0.014104     0.023168     0.000920 
    0.005450     0.086030     0.009060     0.012830     0.040917     0.056403     0.139121     0.153570     0.084342     0.262452     0.036316     0.002547     0.007379     0.021922     0.033808     0.001965     0.005665     0.019650     0.018936     0.001637 
    0.002278     0.093386     0.004411     0.013818     0.042388     0.049558     0.173650     0.138503     0.089251     0.245223     0.034432     0.001675     0.010441     0.023635     0.028964     0.002185     0.004062     0.025170     0.014334     0.002638 
    0.000900     0.096736     0.002884     0.014717     0.044139     0.042595     0.207755     0.124318     0.093046     0.226613     0.032506     0.002333     0.013738     0.024472     0.023976     0.002617     0.002874     0.030188     0.009826     0.003766 
    0.001454     0.095860     0.004501     0.015648     0.046070     0.036561     0.239363     0.111912     0.095747     0.206862     0.030519     0.004600     0.017004     0.024402     0.019084     0.003241     0.002170     0.034284     0.005856     0.004863 
    0.003908     0.090929     0.008970     0.016804     0.048102     0.032401     0.266625     0.101940     0.097484     0.186230     0.028458     0.008484     0.019968     0.023476     0.014502     0.004029     0.001972     0.037128     0.002804     0.005788 
    0.008070     0.082483     0.015724     0.018447     0.050187     0.030871     0.288054     0.094746     0.098488     0.164996     0.026318     0.013919     0.022384     0.021817     0.010406     0.004944     0.002253     0.038509     0.000948     0.006435 
    0.013610     0.071371     0.023975     0.020895     0.052306     0.032472     0.302633     0.090346     0.099063     0.143472     0.024105     0.020753     0.024049     0.019604     0.006934     0.005943     0.002941     0.038351     0.000440     0.006739 
    0.020097     0.058661     0.032799     0.024489     0.054462     0.037410     0.309864     0.088433     0.099551     0.122001     0.021835     0.028746     0.024829     0.017046     0.004182     0.006975     0.003924     0.036717     0.001293     0.006685 
    0.027038     0.045529     0.041245     0.029567     0.056669     0.045598     0.309770     0.088429     0.100284     0.100965     0.019537     0.037576     0.024673     0.014371     0.002202     0.007988     0.005062     0.033798     0.003387     0.006310 
    0.033930     0.033142     0.048442     0.036416     0.058944     0.056680     0.302854     0.089561     0.101536     0.080785     0.017254     0.046848     0.023624     0.011793     0.001009     0.008925     0.006202     0.029887     0.006478     0.005692 
    0.040306     0.022540     0.053705     0.045227     0.061293     0.070074     0.290009     0.090961     0.103474     0.061912     0.015037     0.056109     0.021813     0.009502     0.000584     0.009731     0.007195     0.025351     0.010232     0.004947 
    0.045779     0.014537     0.056628     0.056059     0.063704     0.085042     0.272412     0.091770     0.106126     0.044817     0.012945     0.064876     0.019457     0.007644     0.000879     0.010353     0.007909     0.020590     0.014258     0.004213 
    0.050075     0.009646     0.057144     0.068802     0.066149     0.100761     0.251395     0.091242     0.109358     0.029977     0.011045     0.072657     0.016837     0.006316     0.001822     0.010746     0.008249     0.015996     0.018145     0.003637 
    0.053056     0.008033     0.055554     0.083159     0.068583     0.116389     0.228316     0.088827     0.112869     0.017843     0.009401     0.078991     0.014276     0.005556     0.003328     0.010874     0.008161     0.011918     0.021511     0.003354 
    0.054728     0.009517     0.052513     0.098645     0.070950     0.131135     0.204451     0.084234     0.116217     0.008818     0.008074     0.083473     0.012109     0.005349     0.005296     0.010714     0.007642     0.008624     0.024031     0.003479 
    0.055230     0.013598     0.048973     0.114604     0.073198     0.144305     0.180898     0.077456     0.118856     0.003220     0.007117     0.085790     0.010646     0.005633     0.007621     0.010262     0.006741     0.006287     0.025472     0.004091 
    0.054823     0.019531     0.046100     0.130250     0.075282     0.155336     0.158517     0.068768     0.120193     0.001252     0.006566     0.085744     0.010150     0.006308     0.010198     0.009532     0.005553     0.004966     0.025711     0.005222 
    0.053850     0.026412     0.045145     0.144722     0.077175     0.163819     0.137903     0.058683     0.119657     0.002970     0.006442     0.083275     0.010798     0.007250     0.012920     0.008559     0.004204     0.004611     0.024746     0.006859 
    0.052708     0.033291     0.047316     0.157157     0.078876     0.169494     0.119385     0.047888     0.116777     0.008261     0.006742     0.078473     0.012668     0.008325     0.015687     0.007405     0.002844     0.005077     0.022688     0.008941 
    0.051802     0.039286     0.053637     0.166764     0.080401     0.172248     0.103054     0.037160     0.111247     0.016832     0.007441     0.071576     0.015722     0.009403     0.018405     0.006148     0.001625     0.006140     0.019747     0.011361 
    0.051508     0.043685     0.064821     0.172901     0.081789     0.172095     0.088816     0.027271     0.102987     0.028203     0.008490     0.062964     0.019807     0.010372     0.020988     0.004890     0.000684     0.007535     0.016211     0.013982 
    0.052146     0.046029     0.081174     0.175140     0.083081     0.169148     0.076449     0.018904     0.092174     0.041726     0.009819     0.053136     0.024660     0.011141     0.023361     0.003744     0.000132     0.008981     0.012410     0.016644 
    0.053951     0.046168     0.102530     0.173313     0.084318     0.163607     0.065663     0.012571     0.079257     0.056606     0.011337     0.042681     0.029932     0.011653     0.025456     0.002834     0.000036     0.010221     0.008689     0.019178 
    0.057066     0.044270     0.128241     0.167538     0.085522     0.155729     0.056161     0.008566     0.064940     0.071948     0.012943     0.032236     0.035213     0.011881     0.027220     0.002279     0.000415     0.011042     0.005369     0.021421 
    0.061542     0.040808     0.157209     0.158216     0.086687     0.145817     0.047681     0.006936     0.050132     0.086802     0.014528     0.022446     0.040069     0.011828     0.028609     0.002193     0.001241     0.011305     0.002721     0.023230 
    0.067354     0.036493     0.187969     0.145993     0.087774     0.134205     0.040029     0.007486     0.035875     0.100232     0.015982     0.013917     0.044080     0.011525     0.029591     0.002666     0.002442     0.010953     0.000944     0.024492 
    0.074418     0.032187     0.218809     0.131709     0.088709     0.121252     0.033090     0.009814     0.023258     0.111370     0.017206     0.007171     0.046879     0.011019     0.030146     0.003757     0.003915     0.010013     0.000148     0.025131 
    0.082625     0.028800     0.247922     0.116311     0.089390     0.107338     0.026827     0.013364     0.013311     0.119486     0.018114     0.002608     0.048186     0.010367     0.030269     0.005487     0.005539     0.008588     0.000355     0.025115 
    0.091870     0.027166     0.273569     0.100773     0.089697     0.092857     0.021264     0.017495     0.006905     0.124038     0.018643     0.000473     0.047837     0.009630     0.029962     0.007830     0.007197     0.006843     0.001498     0.024453 
    0.102080     0.027941     0.294231     0.085995     0.089508     0.078215     0.016464     0.021568     0.004662     0.124719     0.018757     0.000842     0.045801     0.008862     0.029243     0.010711     0.008788     0.004977     0.003438     0.023196 
    0.113236     0.031508     0.308752     0.072723     0.088720     0.063824     0.012502     0.025011     0.006885     0.121480     0.018449     0.003609     0.042189     0.008106     0.028141     0.014003     0.010251     0.003203     0.005981     0.021427 
    0.125387     0.037917     0.316436     0.061486     0.087263     0.050092     0.009436     0.027387     0.013512     0.114538     0.017739     0.008500     0.037243     0.007391     0.026694     0.017536     0.011568     0.001714     0.008904     0.019256 
    0.138649     0.046865     0.317107     0.052551     0.085112     0.037409     0.007289     0.028443     0.024108     0.104368     0.016679     0.015088     0.031322     0.006732     0.024950     0.021103     0.012775     0.000664     0.011977     0.016809 
    0.153192     0.057711     0.311110     0.045918     0.082299     0.026142     0.006033     0.028123     0.037889     0.091666     0.015343     0.022831     0.024871     0.006130     0.022965     0.024474     0.013955     0.000148     0.014984     0.014218 
    0.169216     0.069534     0.299264     0.041340     0.078906     0.016610     0.005586     0.026571     0.053783     0.077299     0.013821     0.031108     0.018385     0.005578     0.020800     0.027413     0.015233     0.000194     0.017746     0.011614 
    0.186918     0.081228     0.282767     0.038375     0.075060     0.009080     0.005817     0.024104     0.070513     0.062242     0.012218     0.039271     0.012364     0.005063     0.018520     0.029694     0.016757     0.000762     0.020131     0.009116 
    0.206448     0.091612     0.263070     0.036456     0.070914     0.003750     0.006558     0.021163     0.086710     0.047503     0.010638     0.046695     0.007274     0.004576     0.016194     0.031126     0.018677     0.001749     0.022060     0.006829 
    0.227870     0.099566     0.241728     0.034977     0.066627     0.000745     0.007616     0.018254     0.101028     0.034047     0.009182     0.052820     0.003501     0.004115     0.013885     0.031564     0.021122     0.003008     0.023509     0.004836 
    0.251122     0.104151     0.220242     0.033382     0.062342     0.000110     0.008798     0.015885     0.112261     0.022722     0.007938     0.057202     0.001320     0.003690     0.011657     0.030934     0.024177     0.004366     0.024499     0.003202 
    0.275985     0.104720     0.199924     0.031244     0.058164     0.001810     0.009924     0.014501     0.119454     0.014197     0.006975     0.059537     0.000871     0.003327     0.009566     0.029235     0.027860     0.005649     0.025089     0.001970 
    0.302069     0.100998     0.181780     0.028322     0.054146     0.005737     0.010846     0.014429     0.121984     0.008908     0.006338     0.059686     0.002143     0.003064     0.007660     0.026550     0.032111     0.006703     0.025358     0.001167 
    0.328804     0.093127     0.166441     0.024595     0.050284     0.011714     0.011454     0.015841     0.119619     0.007033     0.006049     0.057681     0.004978     0.002957     0.005978     0.023046     0.036785     0.007414     0.025394     0.000806 
    0.355460     0.081666     0.154136     0.020271     0.046519     0.019501     0.011682     0.018736     0.112533     0.008479     0.006102     0.053719     0.009082     0.003067     0.004547     0.018960     0.041654     0.007726     0.025274     0.000889 
    0.381173     0.067547     0.144710     0.015751     0.042751     0.028809     0.011508     0.022936     0.101298     0.012897     0.006466     0.048141     0.014051     0.003458     0.003383     0.014591     0.046423     0.007639     0.025060     0.001410 
    0.404996     0.051994     0.137692     0.011583     0.038864     0.039304     0.010948     0.028110     0.086827     0.019713     0.007091     0.041400     0.019412     0.004190     0.002490     0.010275     0.050750     0.007214     0.024786     0.002360 
    0.425951     0.036411     0.132389     0.008388     0.034753     0.050620     0.010050     0.033812     0.070299     0.028183     0.007911     0.034023     0.024655     0.005308     0.001859     0.006360     0.054279     0.006563     0.024459     0.003728 
    0.443092     0.022250     0.128004     0.006776     0.030352     0.062362     0.008880     0.039528     0.053056     0.037452     0.008848     0.026563     0.029290     0.006836     0.001472     0.003181     0.056673     0.005829     0.024058     0.005500 
    0.455571     0.010878     0.123760     0.007269     0.025662     0.074118     0.007521     0.044730     0.036484     0.046631     0.009820     0.019557     0.032880     0.008771     0.001300     0.001029     0.057648     0.005169     0.023542     0.007661 
    0.462698     0.003447     0.119010     0.010236     0.020763     0.085470     0.006058     0.048934     0.021901     0.054869     0.010747     0.013478     0.035090     0.011077     0.001309     0.000128     0.057009     0.004729     0.022860     0.010189 
    0.463985     0.000793     0.113322     0.015845     0.015822     0.096000     0.004580     0.051746     0.010448     0.061422     0.011555     0.008703     0.035710     0.013682     0.001457     0.000614     0.054675     0.004627     0.021956     0.013058 
    0.459187     0.003363     0.106536     0.024046     0.011081     0.105309     0.003174     0.052901     0.002994     0.065711     0.012182     0.005481     0.034677     0.016485     0.001703     0.002521     0.050693     0.004932     0.020789     0.016234 
    0.448317     0.011179     0.098771     0.034589     0.006836     0.113034     0.001928     0.052283     0.000073     0.067367     0.012580     0.003919     0.032081     0.019355     0.002002     0.005775     0.045250     0.005656     0.019333     0.019671 
    0.431647     0.023850     0.090400     0.047058     0.003400     0.118865     0.000931     0.049934     0.001848     0.066257     0.012715     0.003978     0.028160     0.022140     0.002314     0.010197     0.038656     0.006750     0.017587     0.023311 
    0.409688     0.040618     0.081984     0.060937     0.001060     0.122564     0.000277     0.046042     0.008108     0.062488     0.012572     0.005483     0.023272     0.024682     0.002603     0.015514     0.031334     0.008108     0.015583     0.027082 
    0.383162     0.060437     0.074183     0.075680     0.000037     0.123990     0.000063     0.040918     0.018294     0.056391     0.012152     0.008141     0.017873     0.026820     0.002838     0.021378     0.023781     0.009582     0.013378     0.030903 
    0.352948     0.082075     0.067651     0.090793     0.000447     0.123109     0.000393     0.034960     0.031558     0.048491     0.011471     0.011574     0.012468     0.028410     0.002996     0.027393     0.016531     0.010995     0.011056     0.034679 
    0.320035     0.104230     0.062936     0.105890     0.002274     0.120007     0.001375     0.028612     0.046841     0.039458     0.010560     0.015353     0.007573     0.029335     0.003064     0.033148     0.010111     0.012170     0.008720     0.038309 
    0.285459     0.125640     0.060390     0.120742     0.005365     0.114891     0.003115     0.022315     0.062964     0.030049     0.009458     0.019042     0.003666     0.029512     0.003037     0.038240     0.004996     0.012948     0.006485     0.041686 
    0.250251     0.145187     0.060112     0.135294     0.009440     0.108082     0.005709     0.016474     0.078732     0.021043     0.008216     0.022231     0.001143     0.028905     0.002919     0.042315     0.001568     0.013209     0.004467     0.044704 
    0.215383     0.161974     0.061919     0.149647     0.014128     0.099996     0.009241     0.011415     0.093020     0.013177     0.006889     0.024580     0.000287     0.027526     0.002721     0.045089     0.000080     0.012890     0.002779     0.047259 
    0.181731     0.175375     0.065362     0.164015     0.019013     0.091113     0.013769     0.007362     0.104871     0.007092     0.005539     0.025841     0.001237     0.025437     0.002463     0.046370     0.000640     0.011992     0.001520     0.049258 
    0.150040     0.185051     0.069772     0.178656     0.023703     0.081943     0.019320     0.004429     0.113551     0.003281     0.004226     0.025884     0.003977     0.022749     0.002169     0.046077     0.003195     0.010583     0.000775     0.050618 
    0.120909     0.190943     0.074343     0.193788     0.027891     0.072987     0.025884     0.002612     0.118603     0.002055     0.003012     0.024705     0.008338     0.019612     0.001868     0.044238     0.007539     0.008791     0.000609     0.051274 
    0.094784     0.193230     0.078231     0.209502     0.031421     0.064690     0.033413     0.001806     0.119859     0.003529     0.001954     0.022423     0.014007     0.016205     0.001587     0.040995     0.013333     0.006787     0.001065     0.051179 
    0.071965     0.192270     0.080656     0.225691     0.034336     0.057409     0.041813     0.001828     0.117440     0.007614     0.001106     0.019269     0.020556     0.012728     0.001354     0.036584     0.020132     0.004767     0.002173     0.050310 
    0.052612     0.188538     0.081004     0.241995     0.036894     0.051383     0.050955     0.002443     0.111724     0.014041     0.000514     0.015564     0.027479     0.009380     0.001191     0.031323     0.027423     0.002930     0.003941     0.048666 
    0.036771     0.182551     0.078906     0.257785     0.039574     0.046715     0.060672     0.003403     0.103294     0.022382     0.000217     0.011689     0.034229     0.006350     0.001114     0.025584     0.034675     0.001449     0.006367     0.046273 
    0.024387     0.174808     0.074281     0.272188     0.043027     0.043374     0.070768     0.004477     0.092881     0.032096     0.000243     0.008052     0.040272     0.003804     0.001132     0.019766     0.041375     0.000455     0.009432     0.043182 
    0.015328     0.165745     0.067348     0.284145     0.048017     0.041206     0.081028     0.005489     0.081285     0.042573     0.000610     0.005050     0.045127     0.001868     0.001242     0.014266     0.047075     0.000020     0.013106     0.039473 
    0.009402     0.155704     0.058604     0.292511     0.055325     0.039965     0.091220     0.006340     0.069311     0.053190     0.001323     0.003033     0.048407     0.000623     0.001433     0.009451     0.051421     0.000147     0.017340     0.035250 
    0.006371     0.144924     0.048754     0.296179     0.065642     0.039350     0.101110     0.007028     0.057696     0.063354     0.002377     0.002277     0.049855     0.000100     0.001683     0.005636     0.054182     0.000773     0.022065     0.030644 
    0.005962     0.133556     0.038631     0.294212     0.079463     0.039055     0.110463     0.007654     0.047054     0.072548     0.003753     0.002959     0.049364     0.000277     0.001961     0.003059     0.055258     0.001775     0.027188     0.025809 
    0.007872     0.121682     0.029087     0.285976     0.096984     0.038809     0.119055     0.008419     0.037842     0.080366     0.005423     0.005139     0.046988     0.001084     0.002233     0.001873     0.054680     0.002987     0.032582     0.020918 
