    1.000000     0.000000     0.000000     0.000000     0.000000     0.000000     0.000000     0.000000     0.000000     0.000000     0.000000     0.000000     0.000000     0.000000     0.000000     0.000000     0.000000     0.000000     0.000000     0.000000     0.000000     0.000000     0.000000     0.000000     0.000000 
    0.980149     0.009900     0.000000     0.000000     0.000000     0.009900     0.000025     0.000000     0.000000     0.000000     0.000025     0.000000     0.000000     0.000000     0.000000     0.000000     0.000000     0.000000     0.000000     0.000000     0.000000     0.000000     0.000000     0.000000     0.000000 
    0.922364     0.038428     0.000000     0.000000     0.000000     0.038428     0.000384     0.000002     0.000000     0.000000     0.000384     0.000007     0.000000     0.000000     0.000000     0.000002     0.000000     0.000000     0.000000     0.000000     0.000000     0.000000     0.000000     0.000000     0.000000 
    0.831746     0.082220     0.000000     0.000000     0.000000     0.082220     0.001850     0.000019     0.000000     0.000000     0.001850     0.000076     0.000000     0.000000     0.000000     0.000019     0.000000     0.000000     0.000000     0.000000     0.000000     0.000000     0.000000     0.000000     0.000000 
    0.716165     0.136165     0.000001     0.000000     0.000000     0.136165     0.005445     0.000100     0.000000     0.000000     0.005444     0.000407     0.000001     0.000000     0.000000     0.000102     0.000004     0.000000     0.000000     0.000000     0.000001     0.000000     0.000000     0.000000     0.000000 
    0.585401     0.194073     0.000006     0.000000     0.000000     0.194074     0.012121     0.000355     0.000000     0.000000     0.012116     0.001456     0.000006     0.000000     0.000000     0.000364     0.000023     0.000001     0.000000     0.000000     0.000006     0.000001     0.000000     0.000000     0.000000 
    0.450096     0.249463     0.000023     0.000000     0.000000     0.249468     0.022417     0.000968     0.000000     0.000000     0.022399     0.004019     0.000022     0.000000     0.000000     0.001005     0.000092     0.000003     0.000000     0.000000     0.000023     0.000003     0.000000     0.000000     0.000000 
    0.320654     0.296364     0.000074     0.000002     0.000000     0.296380     0.036197     0.002192     0.000000     0.000000     0.036141     0.009233     0.000067     0.000001     0.000000     0.002308     0.000287     0.000013     0.000000     0.000000     0.000072     0.000014     0.000000     0.000000     0.000000 
    0.206227     0.330013     0.000197     0.000005     0.000000     0.330055     0.052524     0.004309     0.000000     0.000000     0.052381     0.018459     0.000172     0.000005     0.000000     0.004612     0.000754     0.000047     0.000000     0.000000     0.000188     0.000049     0.000001     0.000000     0.000000 
    0.113893     0.347354     0.000456     0.000016     0.000000     0.347450     0.069722     0.007565     0.000001     0.000000     0.069400     0.033057     0.000381     0.000013     0.000000     0.008257     0.001717     0.000138     0.000000     0.000000     0.000428     0.000147     0.000003     0.000000     0.000000 
    0.048117     0.347293     0.000941     0.000041     0.000000     0.347488     0.085605     0.012089     0.000005     0.000000     0.084964     0.054068     0.000750     0.000033     0.000000     0.013499     0.003487     0.000354     0.000001     0.000000     0.000868     0.000385     0.000011     0.000000     0.000000 
    0.010541     0.330678     0.001769     0.000095     0.000000     0.331036     0.097860     0.017820     0.000013     0.000000     0.096705     0.081876     0.001333     0.000073     0.000000     0.020429     0.006427     0.000812     0.000002     0.000000     0.001596     0.000901     0.000031     0.000001     0.000000 
    0.000097     0.300032     0.003067     0.000199     0.000000     0.300632     0.104477     0.024454     0.000033     0.000001     0.102576     0.115926     0.002166     0.000144     0.000000     0.028900     0.010896     0.001693     0.000006     0.000000     0.002698     0.001919     0.000078     0.000004     0.000000 
    0.013406     0.259094     0.004957     0.000387     0.000000     0.260028     0.104164     0.031442     0.000076     0.000003     0.101281     0.154562     0.003245     0.000262     0.000000     0.038488     0.017157     0.003245     0.000012     0.000000     0.004230     0.003770     0.000181     0.000012     0.000000 
    0.045375     0.212260     0.007527     0.000701     0.000000     0.213612     0.096638     0.038040     0.000160     0.000007     0.092594     0.195060     0.004507     0.000438     0.000001     0.048500     0.025267     0.005781     0.000023     0.000001     0.006192     0.006902     0.000385     0.000031     0.000000 
    0.089924     0.163993     0.010801     0.001190     0.000001     0.165822     0.082752     0.043407     0.000313     0.000016     0.077505     0.233872     0.005824     0.000679     0.000001     0.058037     0.034981     0.009638     0.000040     0.000002     0.008503     0.011866     0.000762     0.000071     0.000000 
    0.140707     0.118304     0.014715     0.001909     0.000002     0.120614     0.064399     0.046750     0.000575     0.000034     0.058134     0.267052     0.007003     0.000979     0.000003     0.066107     0.045683     0.015130     0.000064     0.000004     0.010983     0.019279     0.001415     0.000154     0.000000 
    0.191786     0.078354     0.019097     0.002906     0.000004     0.081069     0.044235     0.047473     0.000994     0.000067     0.037453     0.290811     0.007820     0.001316     0.000008     0.071764     0.056390     0.022463     0.000093     0.000007     0.013354     0.029749     0.002476     0.000311     0.000001 
    0.238139     0.046223     0.023669     0.004217     0.000009     0.049160     0.025256     0.045303     0.001629     0.000125     0.018829     0.302109     0.008063     0.001648     0.000016     0.074260     0.065830     0.031646     0.000124     0.000010     0.015270     0.043768     0.004103     0.000593     0.000001 
    0.276011     0.022849     0.028065     0.005852     0.000018     0.025706     0.010307     0.040377     0.002536     0.000221     0.005499     0.299170     0.007589     0.001916     0.000032     0.073178     0.072611     0.042406     0.000148     0.000014     0.016365     0.061592     0.006466     0.001071     0.000002 
    0.303053     0.008127     0.031865     0.007788     0.000036     0.010481     0.001627     0.033247     0.003766     0.000372     0.000043     0.281818     0.006386     0.002056     0.000060     0.068514     0.075461     0.054130     0.000155     0.000017     0.016327     0.083106     0.009721     0.001840     0.000003 
    0.318300     0.001117     0.034650     0.009958     0.000066     0.002437     0.000497     0.024821     0.005347     0.000595     0.003978     0.251587     0.004615     0.002011     0.000107     0.060703     0.073499     0.065858     0.000137     0.000018     0.014983     0.107718     0.013974     0.003019     0.000005 
    0.321994     0.000321     0.036062     0.012256     0.000118     0.000006     0.007061     0.016226     0.007274     0.000911     0.017508     0.211543     0.002619     0.001751     0.000182     0.050564     0.066480     0.076348     0.000089     0.000016     0.012379     0.134299     0.019244     0.004742     0.000007 
    0.315321     0.003977     0.035861     0.014537     0.000202     0.001402     0.020342     0.008635     0.009496     0.001335     0.039503     0.165879     0.000895     0.001299     0.000294     0.039189     0.054977     0.084211     0.000029     0.000008     0.008838     0.161189     0.025424     0.007145     0.000009 
    0.300098     0.010323     0.033973     0.016630     0.000331     0.004897     0.038438     0.003075     0.011911     0.001878     0.067681     0.119331     0.000023     0.000741     0.000456     0.027784     0.040424     0.088122     0.000001     0.000001     0.004981     0.186298     0.032243     0.010349     0.000010 
    0.278461     0.017803     0.030513     0.018356     0.000524     0.009024     0.058861     0.000268     0.014363     0.002539     0.098964     0.076513     0.000551     0.000236     0.000675     0.017490     0.025005     0.087067     0.000096     0.000005     0.001692     0.207290     0.039264     0.014429     0.000010 
    0.252595     0.025194     0.025782     0.019551     0.000800     0.012705     0.078942     0.000521     0.016656     0.003301     0.129939     0.041298     0.002878     0.000000     0.000956     0.009218     0.011392     0.080594     0.000462     0.000048     0.000038     0.221849     0.045889     0.019383     0.000007 
    0.224520     0.031661     0.020242     0.020083     0.001181     0.015283     0.096232     0.003688     0.018573     0.004130     0.157346     0.016342     0.007136     0.000280     0.001297     0.003529     0.002340     0.069016     0.001309     0.000179     0.001127     0.227987     0.051414     0.025105     0.000003 
    0.195950     0.036745     0.014461     0.019875     0.001690     0.016491     0.108833     0.009218     0.019900     0.004975     0.178501     0.002809     0.013109     0.001304     0.001682     0.000569     0.000226     0.053514     0.002899     0.000475     0.005939     0.224368     0.055107     0.031359     0.000000 
    0.168219     0.040306     0.009043     0.018917     0.002347     0.016375     0.115612     0.016259     0.020462     0.005769     0.191608     0.000356     0.020226     0.003227     0.002084     0.000085     0.006599     0.036106     0.005532     0.001049     0.015149     0.210573     0.056316     0.037771     0.000008 
    0.142270     0.042439     0.004555     0.017269     0.003166     0.015186     0.116264     0.023816     0.020151     0.006436     0.195907     0.007334     0.027610     0.006079     0.002461     0.001497     0.021825     0.019461     0.009499     0.002049     0.028965     0.187285     0.054592     0.043839     0.000044 
    0.118684     0.043387     0.001460     0.015055     0.004153     0.013274     0.111247     0.030909     0.018952     0.006903     0.191660     0.021174     0.034211     0.009720     0.002759     0.004022     0.044919     0.006558     0.015029     0.003655     0.047019     0.156332     0.049806     0.048969     0.000142 
    0.097739     0.043461     0.000065     0.012454     0.005304     0.011002     0.101610     0.036718     0.016949     0.007107     0.179990     0.038865     0.038988     0.013833     0.002917     0.006832     0.073584     0.000259     0.022227     0.006061     0.068335     0.120576     0.042234     0.052537     0.000354 
    0.079481     0.042977     0.000492     0.009677     0.006601     0.008682     0.088762     0.040690     0.014324     0.007008     0.162625     0.057436     0.041102     0.017941     0.002882     0.009190     0.104496     0.002823     0.031001     0.009450     0.091378     0.083649     0.032604     0.053970     0.000759 
    0.063795     0.042219     0.002675     0.006945     0.008012     0.006540     0.074217     0.042580     0.011333     0.006599     0.141594     0.074361     0.040102     0.021476     0.002621     0.010573     0.133767     0.015475     0.041020     0.013956     0.114198     0.049561     0.022063     0.052849     0.001468 
    0.050471     0.041410     0.006383     0.004470     0.009492     0.004710     0.059384     0.042441     0.008274     0.005911     0.118928     0.087838     0.036033     0.023868     0.002135     0.010735     0.157540     0.038094     0.051683     0.019623     0.134644     0.022227     0.012084     0.048996     0.002623 
    0.039253     0.040713     0.011260     0.002430     0.010988     0.003246     0.045409     0.040564     0.005440     0.005006     0.096426     0.096897     0.029469     0.024655     0.001481     0.009717     0.172592     0.069095     0.062140     0.026355     0.150629     0.004975     0.004297     0.042563     0.004401 
    0.029881     0.040226     0.016873     0.000961     0.012438     0.002138     0.033087     0.037393     0.003080     0.003976     0.075486     0.101372     0.021434     0.023589     0.000776     0.007803     0.176853     0.105539     0.071359     0.033878     0.160394     0.000118     0.000272     0.034072     0.007001 
    0.022113     0.039995     0.022768     0.000152     0.013781     0.001342     0.022854     0.033430     0.001359     0.002926     0.057039     0.101743     0.013235     0.020716     0.000204     0.005437     0.169746     0.143474     0.078245     0.041722     0.162759     0.008630     0.001285     0.024414     0.010630 
    0.015744     0.040022     0.028518     0.000042     0.014961     0.000796     0.014829     0.029147     0.000345     0.001956     0.041556     0.098916     0.006229     0.016406     0.000004     0.003111     0.152278     0.178462     0.081788     0.049227     0.157295     0.029999     0.008091     0.014793     0.015484 
    0.010608     0.040276     0.033755     0.000630     0.015933     0.000438     0.008892     0.024935     0.000002     0.001151     0.029119     0.093994     0.001572     0.011322     0.000446     0.001265     0.126873     0.206211     0.081242     0.055586     0.144405     0.062265     0.020757     0.006610     0.021713 
    0.006578     0.040699     0.038199     0.001886     0.016667     0.000214     0.004773     0.021064     0.000205     0.000559     0.019527     0.088073     0.000001     0.006328     0.001792     0.000204     0.096971     0.223216     0.076287     0.059931     0.125302     0.102251     0.038582     0.001305     0.029387 
    0.003562     0.041220     0.041659     0.003757     0.017153     0.000083     0.002140     0.017688     0.000776     0.000192     0.012409     0.082098     0.001688     0.002349     0.004244     0.000048     0.066473     0.227290     0.067150     0.061457     0.101876     0.145940     0.060120     0.000165     0.038462 
    0.001494     0.041763     0.044031     0.006187     0.017399     0.000018     0.000662     0.014855     0.001518     0.000025     0.007326     0.076793     0.006211     0.000207     0.007898     0.000725     0.039116     0.217908     0.054660     0.059573     0.076482     0.188957     0.083318     0.004133     0.048743 
    0.000323     0.042253     0.045287     0.009114     0.017430     0.000000     0.000052     0.012535     0.002251     0.000006     0.003854     0.072637     0.012632     0.000456     0.012690     0.002007     0.017910     0.196294     0.040202     0.054053     0.051662     0.227086     0.105755     0.013647     0.059865 
    0.000006     0.042626     0.045451     0.012483     0.017286     0.000022     0.000092     0.010649     0.002844     0.000068     0.001633     0.069891     0.019681     0.003269     0.018366     0.003567     0.004714     0.165225     0.025585     0.045178     0.029852     0.256745     0.124949     0.028530     0.071287 
    0.000501     0.042834     0.044584     0.016241     0.017014     0.000079     0.000631     0.009092     0.003226     0.000150     0.000400     0.068634     0.026003     0.008381     0.024479     0.005055     0.000024     0.128609     0.012810     0.033826     0.013117     0.275359     0.138685     0.047956     0.082308 
    0.001763     0.042846     0.042771     0.020333     0.016664     0.000173     0.001583     0.007750     0.003387     0.000208     0.000000     0.068788     0.030417     0.015113     0.030416     0.006168     0.003004     0.090882     0.003791     0.021482     0.002932     0.281595     0.145325     0.070504     0.092106 
    0.003738     0.042650     0.040104     0.024693     0.016284     0.000301     0.002903     0.006518     0.003367     0.000222     0.000383     0.070141     0.032137     0.022484     0.035463     0.006702     0.011735     0.056345     0.000046     0.010165     0.000046     0.275419     0.144041     0.094303     0.099810 
    0.006369     0.042249     0.036685     0.029241     0.015915     0.000459     0.004576     0.005310     0.003234     0.000196     0.001601     0.072343     0.030907     0.029375     0.038904     0.006586     0.023628     0.028541     0.002435     0.002243     0.004447     0.258002     0.134936     0.117232     0.104585 
    0.009596     0.041655     0.032625     0.033861     0.015584     0.000637     0.006584     0.004080     0.003065     0.000150     0.003790     0.074913     0.027029     0.034729     0.040136     0.005876     0.035912     0.009786     0.010978     0.000163     0.015410     0.231483     0.119045     0.137174     0.105739 
    0.013358     0.040880     0.028052     0.038403     0.015305     0.000820     0.008889     0.002835     0.002933     0.000104     0.007150     0.077250     0.021278     0.037735     0.038790     0.004735     0.046117     0.000903     0.024793     0.006112     0.031629     0.198638     0.098193     0.152272     0.102826 
    0.017603     0.039934     0.023121     0.042672     0.015074     0.000985     0.011412     0.001648     0.002899     0.000076     0.011910     0.078672     0.014727     0.037971     0.034836     0.003388     0.052447     0.001227     0.042182     0.021659     0.051397     0.162518     0.074753     0.161149     0.095741 
    0.022285     0.038810     0.018029     0.046433     0.014867     0.001107     0.014013     0.000660     0.003014     0.000072     0.018288     0.078494     0.008518     0.035469     0.028644     0.002074     0.054006     0.008827     0.060858     0.047428     0.072825     0.126094     0.051332     0.163068     0.084784 
    0.027369     0.037488     0.013017     0.049421     0.014642     0.001165     0.016490     0.000073     0.003324     0.000110     0.026436     0.076124     0.003639     0.030694     0.020990     0.000995     0.050844     0.020927     0.078268     0.082858     0.094043     0.091955     0.030423     0.158011     0.070693 
    0.032831     0.035926     0.008379     0.051362     0.014335     0.001143     0.018588     0.000113     0.003873     0.000241     0.036386     0.071182     0.000740     0.024435     0.012989     0.000288     0.043825     0.034423     0.091986     0.126108     0.113384     0.062101     0.014098     0.146649     0.054616 
    0.038650     0.034065     0.004447     0.052000     0.013870     0.001037     0.020031     0.000986     0.004698     0.000592     0.047998     0.063596     0.000029     0.017649     0.005969     0.000007     0.034369     0.046406     0.100084     0.174126     0.129517     0.037837     0.003763     0.130239     0.038036 
    0.044805     0.031836     0.001578     0.051140     0.013160     0.000859     0.020562     0.002818     0.005815     0.001407     0.060932     0.053676     0.001271     0.011272     0.001279     0.000120     0.024129     0.054610     0.101443     0.222904     0.141525     0.019762     0.000017     0.110432     0.022647 
    0.051262     0.029171     0.000120     0.048683     0.012124     0.000635     0.019998     0.005600     0.007193     0.003076     0.074634     0.042122     0.003875     0.006051     0.000085     0.000534     0.014662     0.057706     0.095921     0.267896     0.148931     0.007845     0.002631     0.089060     0.010184 
    0.057967     0.026018     0.000369     0.044657     0.010704     0.000401     0.018284     0.009150     0.008732     0.006136     0.088368     0.029970     0.007045     0.002426     0.003149     0.001115     0.007161     0.055416     0.084369     0.304555     0.151670     0.001557     0.010638     0.067902     0.002241 
    0.064831     0.022367     0.002524     0.039248     0.008890     0.000196     0.015530     0.013100     0.010246     0.011228     0.101268     0.018471     0.009962     0.000488     0.010675     0.001720     0.002296     0.048436     0.068481     0.328906     0.150020     0.000037     0.022515     0.048485     0.000082 
    0.071721     0.018273     0.006641     0.032792     0.006745     0.000055     0.012023     0.016933     0.011470     0.019012     0.112427     0.008923     0.011959     0.000006     0.022209     0.002225     0.000164     0.038214     0.050503     0.338094     0.144522     0.002254     0.036424     0.031937     0.004476 
    0.078446     0.013881     0.012594     0.025763     0.004435     0.000000     0.008205     0.020057     0.012095     0.030030     0.120994     0.002487     0.012638     0.000528     0.036651     0.002545     0.000363     0.026621     0.032862     0.330802     0.135880     0.007157     0.050464     0.018914     0.015588 
