    0.000000     1.000000     0.000000
       0.000000     1.000000     0.003142
       0.001000     0.999961     0.006283
       0.002000     0.999882     0.009425
       0.003000     0.999763     0.012566
       0.004000     0.999605     0.015707
       0.005000     0.999408     0.018847
       0.006000     0.999171     0.021987
       0.007000     0.998895     0.025126
       0.008000     0.998579     0.028264
       0.009000     0.998223     0.031401
       0.010000     0.997828     0.034537
       0.011000     0.997394     0.037672
       0.012000     0.996919     0.040805
       0.013000     0.996406     0.043937
       0.014000     0.995852     0.047067
       0.015000     0.995259     0.050196
       0.016000     0.994627     0.053323
       0.017000     0.993954     0.056447
       0.018000     0.993242     0.059570
       0.019000     0.992490     0.062690
       0.020000     0.991699     0.065808
       0.021000     0.990867     0.068923
       0.022000     0.989996     0.072036
       0.023000     0.989084     0.075146
       0.024000     0.988133     0.078253
       0.025000     0.987142     0.081357
       0.026000     0.986110     0.084458
       0.027000     0.985039     0.087555
       0.028000     0.983927     0.090649
       0.029000     0.982776     0.093740
       0.030000     0.981583     0.096826
       0.031000     0.980351     0.099909
       0.032000     0.979078     0.102988
       0.033000     0.977765     0.106063
       0.034000     0.976411     0.109134
       0.035000     0.975017     0.112200
       0.036000     0.973582     0.115262
       0.037000     0.972106     0.118318
       0.038000     0.970590     0.121371
       0.039000     0.969033     0.124418
       0.040000     0.967434     0.127460
       0.041000     0.965795     0.130497
       0.042000     0.964115     0.133528
       0.043000     0.962393     0.136554
       0.044000     0.960630     0.139574
       0.045000     0.958826     0.142588
       0.046000     0.956980     0.145596
       0.047000     0.955093     0.148598
       0.048000     0.953164     0.151594
       0.049000     0.951193     0.154583
       0.050000     0.949181     0.157565
       0.051000     0.947126     0.160541
       0.052000     0.945030     0.163510
       0.053000     0.942891     0.166471
       0.054000     0.940710     0.169425
       0.055000     0.938487     0.172372
       0.056000     0.936221     0.175311
       0.057000     0.933912     0.178242
       0.058000     0.931561     0.181166
       0.059000     0.929166     0.184081
       0.060000     0.926729     0.186987
       0.061000     0.924249     0.189885
       0.062000     0.921725     0.192775
       0.063000     0.919158     0.195655
       0.064000     0.916547     0.198527
       0.065000     0.913892     0.201389
       0.066000     0.911194     0.204241
       0.067000     0.908452     0.207084
       0.068000     0.905665     0.209917
       0.069000     0.902834     0.212740
       0.070000     0.899959     0.215552
       0.071000     0.897039     0.218354
       0.072000     0.894074     0.221146
       0.073000     0.891064     0.223926
       0.074000     0.888009     0.226695
       0.075000     0.884908     0.229453
       0.076000     0.881762     0.232199
       0.077000     0.878571     0.234933
       0.078000     0.875333     0.237655
       0.079000     0.872049     0.240365
       0.080000     0.868719     0.243062
       0.081000     0.865343     0.245747
       0.082000     0.861919     0.248418
       0.083000     0.858449     0.251076
       0.084000     0.854932     0.253721
       0.085000     0.851367     0.256351
       0.086000     0.847755     0.258968
       0.087000     0.844095     0.261570
       0.088000     0.840387     0.264157
       0.089000     0.836630     0.266730
       0.090000     0.832825     0.269287
       0.091000     0.828971     0.271828
       0.092000     0.825069     0.274354
       0.093000     0.821116     0.276864
       0.094000     0.817115     0.279357
       0.095000     0.813063     0.281833
       0.096000     0.808962     0.284292
       0.097000     0.804810     0.286734
       0.098000     0.800607     0.289158
       0.099000     0.796354     0.291564
       0.100000     0.792049     0.293951
       0.101000     0.787693     0.296320
       0.102000     0.783284     0.298669
       0.103000     0.778824     0.300998
       0.104000     0.774311     0.303308
       0.105000     0.769746     0.305597
       0.106000     0.765127     0.307865
       0.107000     0.760454     0.310112
       0.108000     0.755728     0.312338
       0.109000     0.750948     0.314541
       0.110000     0.746113     0.316722
       0.111000     0.741223     0.318879
       0.112000     0.736278     0.321014
       0.113000     0.731277     0.323124
       0.114000     0.726220     0.325210
       0.115000     0.721107     0.327270
       0.116000     0.715936     0.329306
       0.117000     0.710709     0.331315
       0.118000     0.705423     0.333298
       0.119000     0.700080     0.335254
       0.120000     0.694677     0.337182
       0.121000     0.689216     0.339081
       0.122000     0.683695     0.340952
       0.123000     0.678114     0.342793
       0.124000     0.672473     0.344604
       0.125000     0.666770     0.346384
       0.126000     0.661006     0.348133
       0.127000     0.655180     0.349850
       0.128000     0.649291     0.351533
       0.129000     0.643339     0.353183
       0.130000     0.637324     0.354798
       0.131000     0.631244     0.356378
       0.132000     0.625099     0.357922
       0.133000     0.618889     0.359429
       0.134000     0.612613     0.360898
       0.135000     0.606271     0.362328
       0.136000     0.599861     0.363719
       0.137000     0.593383     0.365069
       0.138000     0.586836     0.366378
       0.139000     0.580221     0.367644
       0.140000     0.573535     0.368866
       0.141000     0.566778     0.370044
       0.142000     0.559951     0.371175
       0.143000     0.553051     0.372260
       0.144000     0.546078     0.373296
       0.145000     0.539031     0.374283
       0.146000     0.531910     0.375218
       0.147000     0.524714     0.376102
       0.148000     0.517441     0.376931
       0.149000     0.510092     0.377706
       0.150000     0.502664     0.378424
       0.151000     0.495158     0.379083
       0.152000     0.487573     0.379682
       0.153000     0.479906     0.380220
       0.154000     0.472158     0.380694
       0.155000     0.464328     0.381103
       0.156000     0.456414     0.381445
       0.157000     0.448415     0.381717
       0.158000     0.440331     0.381917
       0.159000     0.432160     0.382044
       0.160000     0.423901     0.382095
       0.161000     0.415554     0.382067
       0.162000     0.407116     0.381957
       0.163000     0.398587     0.381764
       0.164000     0.389966     0.381485
       0.165000     0.381251     0.381115
       0.166000     0.372442     0.380653
       0.167000     0.363536     0.380095
       0.168000     0.354533     0.379438
       0.169000     0.345431     0.378677
       0.170000     0.336229     0.377809
       0.171000     0.326927     0.376830
       0.172000     0.317521     0.375736
       0.173000     0.308012     0.374522
       0.174000     0.298397     0.373184
       0.175000     0.288675     0.371716
       0.176000     0.278846     0.370113
       0.177000     0.268907     0.368369
       0.178000     0.258858     0.366478
       0.179000     0.248697     0.364434
       0.180000     0.238422     0.362229
       0.181000     0.228034     0.359858
       0.182000     0.217529     0.357310
       0.183000     0.206909     0.354580
       0.184000     0.196171     0.351656
       0.185000     0.185315     0.348530
       0.186000     0.174341     0.345192
       0.187000     0.163247     0.341629
       0.188000     0.152035     0.337831
       0.189000     0.140703     0.333785
       0.190000     0.129254     0.329477
       0.191000     0.117688     0.324891
       0.192000     0.106007     0.320011
       0.193000     0.094213     0.314821
       0.194000     0.082310     0.309301
       0.195000     0.070302     0.303431
       0.196000     0.058195     0.297189
       0.197000     0.045996     0.290550
       0.198000     0.033714     0.283488
       0.199000     0.021361     0.275976
       0.200000     0.008951     0.267983
       0.201000    -0.003499     0.259476
       0.202000    -0.015967     0.250421
       0.203000    -0.028427     0.240779
       0.204000    -0.040847     0.230511
       0.205000    -0.053189     0.219577
       0.206000    -0.065405     0.207933
       0.207000    -0.077439     0.195538
       0.208000    -0.089224     0.182350
       0.209000    -0.100680     0.168332
       0.210000    -0.111714     0.153453
       0.211000    -0.122223     0.137694
       0.212000    -0.132086     0.121049
       0.213000    -0.141176     0.103534
       0.214000    -0.149360     0.085187
       0.215000    -0.156504     0.066078
       0.216000    -0.162489     0.046308
       0.217000    -0.167214     0.026006
       0.218000    -0.170609     0.005325
       0.219000    -0.172641    -0.015568
       0.220000    -0.173319    -0.036504
       0.221000    -0.172689    -0.057321
       0.222000    -0.170827    -0.077879
       0.223000    -0.167833    -0.098061
       0.224000    -0.163821    -0.117779
       0.225000    -0.158906    -0.136970
       0.226000    -0.153204    -0.155594
       0.227000    -0.146822    -0.173633
       0.228000    -0.139860    -0.191082
       0.229000    -0.132404    -0.207948
       0.230000    -0.124533    -0.224245
       0.231000    -0.116312    -0.239995
       0.232000    -0.107801    -0.255220
       0.233000    -0.099047    -0.269946
       0.234000    -0.090093    -0.284198
       0.235000    -0.080975    -0.298002
       0.236000    -0.071723    -0.311382
       0.237000    -0.062362    -0.324363
       0.238000    -0.052914    -0.336967
       0.239000    -0.043398    -0.349215
       0.240000    -0.033829    -0.361129
       0.241000    -0.024221    -0.372726
       0.242000    -0.014585    -0.384024
       0.243000    -0.004930    -0.395040
       0.244000     0.004734    -0.405789
       0.245000     0.014402    -0.416285
       0.246000     0.024067    -0.426541
       0.247000     0.033724    -0.436570
       0.248000     0.043369    -0.446383
       0.249000     0.052998    -0.455990
       0.250000     0.062608    -0.465402
       0.251000     0.072196    -0.474629
       0.252000     0.081761    -0.483677
       0.253000     0.091300    -0.492557
       0.254000     0.100811    -0.501274
       0.255000     0.110294    -0.509837
       0.256000     0.119747    -0.518252
       0.257000     0.129169    -0.526525
       0.258000     0.138560    -0.534662
       0.259000     0.147919    -0.542669
       0.260000     0.157245    -0.550550
       0.261000     0.166539    -0.558311
       0.262000     0.175800    -0.565956
       0.263000     0.185027    -0.573490
       0.264000     0.194221    -0.580916
       0.265000     0.203381    -0.588239
       0.266000     0.212509    -0.595462
       0.267000     0.221602    -0.602589
       0.268000     0.230663    -0.609623
       0.269000     0.239691    -0.616567
       0.270000     0.248686    -0.623424
       0.271000     0.257648    -0.630196
       0.272000     0.266577    -0.636888
       0.273000     0.275475    -0.643501
       0.274000     0.284340    -0.650037
       0.275000     0.293174    -0.656499
       0.276000     0.301976    -0.662889
       0.277000     0.310747    -0.669210
       0.278000     0.319488    -0.675463
       0.279000     0.328197    -0.681650
       0.280000     0.336877    -0.687773
       0.281000     0.345526    -0.693834
       0.282000     0.354146    -0.699835
       0.283000     0.362737    -0.705777
       0.284000     0.371299    -0.711661
       0.285000     0.379832    -0.717490
       0.286000     0.388337    -0.723265
       0.287000     0.396813    -0.728986
       0.288000     0.405262    -0.734656
       0.289000     0.413684    -0.740276
       0.290000     0.422078    -0.745846
       0.291000     0.430446    -0.751369
       0.292000     0.438787    -0.756844
       0.293000     0.447102    -0.762275
       0.294000     0.455392    -0.767660
       0.295000     0.463655    -0.773002
       0.296000     0.471893    -0.778301
       0.297000     0.480107    -0.783559
       0.298000     0.488295    -0.788776
       0.299000     0.496460    -0.793953
       0.300000     0.504600    -0.799090
       0.301000     0.512716    -0.804190
       0.302000     0.520809    -0.809253
       0.303000     0.528878    -0.814278
       0.304000     0.536924    -0.819268
       0.305000     0.544947    -0.824223
       0.306000     0.552948    -0.829144
       0.307000     0.560927    -0.834030
       0.308000     0.568883    -0.838884
       0.309000     0.576818    -0.843705
       0.310000     0.584731    -0.848495
       0.311000     0.592623    -0.853253
       0.312000     0.600493    -0.857980
       0.313000     0.608343    -0.862678
       0.314000     0.616172    -0.867346
       0.315000     0.623981    -0.871985
       0.316000     0.631770    -0.876596
       0.317000     0.639538    -0.881179
       0.318000     0.647287    -0.885734
       0.319000     0.655016    -0.890262
       0.320000     0.662726    -0.894764
       0.321000     0.670417    -0.899240
       0.322000     0.678089    -0.903690
       0.323000     0.685742    -0.908115
       0.324000     0.693376    -0.912516
       0.325000     0.700992    -0.916892
       0.326000     0.708590    -0.921244
       0.327000     0.716170    -0.925572
       0.328000     0.723732    -0.929878
       0.329000     0.731277    -0.934160
       0.330000     0.738804    -0.938421
       0.331000     0.746313    -0.942659
       0.332000     0.753806    -0.946875
       0.333000     0.761282    -0.951070
       0.334000     0.768740    -0.955244
       0.335000     0.776183    -0.959397
       0.336000     0.783608    -0.963529
       0.337000     0.791018    -0.967642
       0.338000     0.798411    -0.971734
       0.339000     0.805788    -0.975808
       0.340000     0.813150    -0.979861
       0.341000     0.820496    -0.983896
       0.342000     0.827826    -0.987912
       0.343000     0.835141    -0.991910
       0.344000     0.842440    -0.995889
       0.345000     0.849725    -0.999850
       0.346000     0.856994    -1.003794
       0.347000     0.864249    -1.007720
       0.348000     0.871488    -1.011629
       0.349000     0.878714    -1.015521
       0.350000     0.885925    -1.019396
       0.351000     0.893121    -1.023255
       0.352000     0.900303    -1.027097
       0.353000     0.907472    -1.030923
       0.354000     0.914626    -1.034733
       0.355000     0.921766    -1.038528
       0.356000     0.928893    -1.042307
       0.357000     0.936006    -1.046070
       0.358000     0.943106    -1.049819
       0.359000     0.950192    -1.053553
       0.360000     0.957265    -1.057271
       0.361000     0.964325    -1.060976
       0.362000     0.971372    -1.064666
       0.363000     0.978406    -1.068341
       0.364000     0.985427    -1.072003
       0.365000     0.992436    -1.075651
       0.366000     0.999432    -1.079285
       0.367000     1.006415    -1.082906
       0.368000     1.013386    -1.086513
       0.369000     1.020345    -1.090107
       0.370000     1.027291    -1.093688
       0.371000     1.034226    -1.097256
       0.372000     1.041148    -1.100811
       0.373000     1.048059    -1.104353
       0.374000     1.054957    -1.107883
       0.375000     1.061844    -1.111401
       0.376000     1.068720    -1.114906
       0.377000     1.075583    -1.118400
       0.378000     1.082436    -1.121881
       0.379000     1.089277    -1.125351
       0.380000     1.096106    -1.128809
       0.381000     1.102925    -1.132255
       0.382000     1.109732    -1.135690
       0.383000     1.116528    -1.139113
       0.384000     1.123314    -1.142526
       0.385000     1.130088    -1.145927
       0.386000     1.136852    -1.149318
       0.387000     1.143605    -1.152697
       0.388000     1.150348    -1.156066
       0.389000     1.157079    -1.159424
       0.390000     1.163801    -1.162772
       0.391000     1.170512    -1.166109
       0.392000     1.177213    -1.169436
       0.393000     1.183903    -1.172752
       0.394000     1.190583    -1.176059
       0.395000     1.197254    -1.179355
       0.396000     1.203914    -1.182642
       0.397000     1.210564    -1.185919
       0.398000     1.217204    -1.189186
       0.399000     1.223835    -1.192444
       0.400000     1.230455    -1.195692
       0.401000     1.237066    -1.198930
       0.402000     1.243668    -1.202159
       0.403000     1.250260    -1.205379
       0.404000     1.256842    -1.208590
       0.405000     1.263415    -1.211792
       0.406000     1.269979    -1.214984
       0.407000     1.276533    -1.218168
       0.408000     1.283078    -1.221343
       0.409000     1.289614    -1.224509
       0.410000     1.296141    -1.227667
       0.411000     1.302659    -1.230816
       0.412000     1.309167    -1.233956
       0.413000     1.315667    -1.237088
       0.414000     1.322158    -1.240212
       0.415000     1.328640    -1.243327
       0.416000     1.335114    -1.246434
       0.417000     1.341578    -1.249533
       0.418000     1.348034    -1.252624
       0.419000     1.354482    -1.255707
       0.420000     1.360920    -1.258782
       0.421000     1.367351    -1.261849
       0.422000     1.373773    -1.264908
       0.423000     1.380186    -1.267959
       0.424000     1.386592    -1.271003
       0.425000     1.392989    -1.274039
       0.426000     1.399377    -1.277068
       0.427000     1.405758    -1.280089
       0.428000     1.412130    -1.283103
       0.429000     1.418495    -1.286110
       0.430000     1.424851    -1.289109
       0.431000     1.431199    -1.292101
       0.432000     1.437540    -1.295085
       0.433000     1.443872    -1.298063
       0.434000     1.450197    -1.301034
       0.435000     1.456514    -1.303997
       0.436000     1.462823    -1.306954
       0.437000     1.469125    -1.309904
       0.438000     1.475418    -1.312847
       0.439000     1.481705    -1.315783
       0.440000     1.487983    -1.318712
       0.441000     1.494254    -1.321635
       0.442000     1.500518    -1.324551
       0.443000     1.506774    -1.327460
       0.444000     1.513023    -1.330363
       0.445000     1.519265    -1.333260
       0.446000     1.525499    -1.336150
       0.447000     1.531726    -1.339034
       0.448000     1.537946    -1.341911
       0.449000     1.544158    -1.344782
       0.450000     1.550364    -1.347647
       0.451000     1.556562    -1.350506
       0.452000     1.562753    -1.353359
       0.453000     1.568937    -1.356205
       0.454000     1.575115    -1.359046
       0.455000     1.581285    -1.361880
       0.456000     1.587448    -1.364709
       0.457000     1.593605    -1.367531
       0.458000     1.599754    -1.370348
       0.459000     1.605897    -1.373159
       0.460000     1.612033    -1.375964
       0.461000     1.618163    -1.378763
       0.462000     1.624286    -1.381557
       0.463000     1.630402    -1.384345
       0.464000     1.636511    -1.387127
       0.465000     1.642614    -1.389904
       0.466000     1.648710    -1.392675
       0.467000     1.654800    -1.395441
       0.468000     1.660884    -1.398201
       0.469000     1.666960    -1.400956
       0.470000     1.673031    -1.403705
       0.471000     1.679095    -1.406449
       0.472000     1.685153    -1.409188
       0.473000     1.691204    -1.411921
       0.474000     1.697250    -1.414649
       0.475000     1.703289    -1.417372
       0.476000     1.709321    -1.420090
       0.477000     1.715348    -1.422803
       0.478000     1.721368    -1.425510
       0.479000     1.727383    -1.428213
       0.480000     1.733391    -1.430910
       0.481000     1.739393    -1.433603
       0.482000     1.745389    -1.436290
       0.483000     1.751379    -1.438973
       0.484000     1.757364    -1.441650
       0.485000     1.763342    -1.444323
       0.486000     1.769314    -1.446991
       0.487000     1.775281    -1.449654
       0.488000     1.781241    -1.452312
       0.489000     1.787196    -1.454966
       0.490000     1.793145    -1.457615
       0.491000     1.799088    -1.460259
       0.492000     1.805026    -1.462898
       0.493000     1.810957    -1.465533
       0.494000     1.816884    -1.468163
       0.495000     1.822804    -1.470789
       0.496000     1.828719    -1.473410
       0.497000     1.834628    -1.476026
       0.498000     1.840532    -1.478639
       0.499000     1.846430    -1.481246
       0.500000     1.852322    -1.483849
       0.501000     1.858209    -1.486448
       0.502000     1.864091    -1.489042
       0.503000     1.869967    -1.491632
       0.504000     1.875838    -1.494218
       0.505000     1.881703    -1.496800
       0.506000     1.887563    -1.499377
       0.507000     1.893418    -1.501950
       0.508000     1.899267    -1.504518
       0.509000     1.905111    -1.507083
       0.510000     1.910950    -1.509643
       0.511000     1.916783    -1.512199
       0.512000     1.922612    -1.514751
       0.513000     1.928435    -1.517299
       0.514000     1.934253    -1.519843
       0.515000     1.940065    -1.522382
       0.516000     1.945873    -1.524918
       0.517000     1.951676    -1.527450
       0.518000     1.957473    -1.529978
       0.519000     1.963265    -1.532501
       0.520000     1.969053    -1.535021
       0.521000     1.974835    -1.537537
       0.522000     1.980612    -1.540049
       0.523000     1.986385    -1.542557
       0.524000     1.992152    -1.545062
       0.525000     1.997915    -1.547562
       0.526000     2.003672    -1.550059
       0.527000     2.009425    -1.552552
       0.528000     2.015173    -1.555041
       0.529000     2.020916    -1.557526
       0.530000     2.026654    -1.560008
       0.531000     2.032387    -1.562486
       0.532000     2.038116    -1.564960
       0.533000     2.043839    -1.567431
       0.534000     2.049558    -1.569898
       0.535000     2.055273    -1.572361
       0.536000     2.060982    -1.574821
       0.537000     2.066687    -1.577277
       0.538000     2.072388    -1.579729
       0.539000     2.078083    -1.582179
       0.540000     2.083774    -1.584624
       0.541000     2.089461    -1.587066
       0.542000     2.095142    -1.589505
       0.543000     2.100820    -1.591940
       0.544000     2.106492    -1.594371
       0.545000     2.112161    -1.596799
       0.546000     2.117824    -1.599224
       0.547000     2.123483    -1.601646
       0.548000     2.129138    -1.604064
       0.549000     2.134788    -1.606478
       0.550000     2.140434    -1.608890
       0.551000     2.146076    -1.611298
       0.552000     2.151713    -1.613702
       0.553000     2.157345    -1.616104
       0.554000     2.162973    -1.618502
       0.555000     2.168597    -1.620896
       0.556000     2.174217    -1.623288
       0.557000     2.179832    -1.625676
       0.558000     2.185443    -1.628062
       0.559000     2.191050    -1.630444
       0.560000     2.196652    -1.632822
       0.561000     2.202250    -1.635198
       0.562000     2.207844    -1.637571
       0.563000     2.213434    -1.639940
       0.564000     2.219019    -1.642306
       0.565000     2.224601    -1.644669
       0.566000     2.230178    -1.647029
       0.567000     2.235751    -1.649386
       0.568000     2.241320    -1.651740
       0.569000     2.246885    -1.654091
       0.570000     2.252445    -1.656439
       0.571000     2.258002    -1.658784
       0.572000     2.263555    -1.661126
       0.573000     2.269103    -1.663465
       0.574000     2.274647    -1.665801
       0.575000     2.280188    -1.668134
       0.576000     2.285724    -1.670464
       0.577000     2.291257    -1.672791
       0.578000     2.296785    -1.675115
       0.579000     2.302310    -1.677437
       0.580000     2.307830    -1.679755
       0.581000     2.313347    -1.682071
       0.582000     2.318859    -1.684384
       0.583000     2.324368    -1.686694
       0.584000     2.329873    -1.689001
       0.585000     2.335374    -1.691305
       0.586000     2.340871    -1.693606
       0.587000     2.346365    -1.695905
       0.588000     2.351854    -1.698201
       0.589000     2.357340    -1.700494
       0.590000     2.362822    -1.702785
       0.591000     2.368300    -1.705072
       0.592000     2.373774    -1.707357
       0.593000     2.379244    -1.709640
       0.594000     2.384711    -1.711919
       0.595000     2.390174    -1.714196
       0.596000     2.395634    -1.716470
       0.597000     2.401089    -1.718742
       0.598000     2.406541    -1.721011
       0.599000     2.411989    -1.723277
       0.600000     2.417434    -1.725541
       0.601000     2.422875    -1.727802
       0.602000     2.428312    -1.730060
       0.603000     2.433746    -1.732316
       0.604000     2.439176    -1.734569
       0.605000     2.444602    -1.736820
       0.606000     2.450025    -1.739068
       0.607000     2.455444    -1.741314
       0.608000     2.460860    -1.743557
       0.609000     2.466272    -1.745797
       0.610000     2.471681    -1.748035
       0.611000     2.477086    -1.750271
       0.612000     2.482487    -1.752504
       0.613000     2.487885    -1.754735
       0.614000     2.493280    -1.756963
       0.615000     2.498671    -1.759188
       0.616000     2.504059    -1.761412
       0.617000     2.509443    -1.763632
       0.618000     2.514824    -1.765851
       0.619000     2.520201    -1.768067
       0.620000     2.525575    -1.770280
       0.621000     2.530945    -1.772491
       0.622000     2.536312    -1.774700
       0.623000     2.541676    -1.776907
       0.624000     2.547036    -1.779111
       0.625000     2.552393    -1.781312
       0.626000     2.557746    -1.783512
       0.627000     2.563097    -1.785709
       0.628000     2.568444    -1.787903
       0.629000     2.573787    -1.790096
       0.630000     2.579127    -1.792286
       0.631000     2.584464    -1.794474
       0.632000     2.589798    -1.796659
       0.633000     2.595128    -1.798842
       0.634000     2.600456    -1.801023
       0.635000     2.605779    -1.803202
       0.636000     2.611100    -1.805378
       0.637000     2.616417    -1.807553
       0.638000     2.621732    -1.809725
       0.639000     2.627043    -1.811894
       0.640000     2.632350    -1.814062
       0.641000     2.637655    -1.816227
       0.642000     2.642956    -1.818391
       0.643000     2.648255    -1.820552
       0.644000     2.653550    -1.822710
       0.645000     2.658842    -1.824867
       0.646000     2.664130    -1.827022
       0.647000     2.669416    -1.829174
       0.648000     2.674698    -1.831324
       0.649000     2.679978    -1.833472
       0.650000     2.685254    -1.835618
       0.651000     2.690527    -1.837762
       0.652000     2.695798    -1.839904
       0.653000     2.701065    -1.842043
       0.654000     2.706329    -1.844181
       0.655000     2.711590    -1.846316
       0.656000     2.716848    -1.848450
       0.657000     2.722102    -1.850581
       0.658000     2.727354    -1.852710
       0.659000     2.732603    -1.854837
       0.660000     2.737849    -1.856963
       0.661000     2.743092    -1.859086
       0.662000     2.748332    -1.861207
       0.663000     2.753569    -1.863326
       0.664000     2.758802    -1.865443
       0.665000     2.764033    -1.867558
       0.666000     2.769261    -1.869671
       0.667000     2.774487    -1.871782
       0.668000     2.779709    -1.873892
       0.669000     2.784928    -1.875999
       0.670000     2.790144    -1.878104
       0.671000     2.795358    -1.880207
       0.672000     2.800568    -1.882309
       0.673000     2.805776    -1.884408
       0.674000     2.810981    -1.886505
       0.675000     2.816182    -1.888601
       0.676000     2.821381    -1.890694
       0.677000     2.826578    -1.892786
       0.678000     2.831771    -1.894876
       0.679000     2.836961    -1.896964
       0.680000     2.842149    -1.899050
       0.681000     2.847334    -1.901134
       0.682000     2.852516    -1.903216
       0.683000     2.857695    -1.905296
       0.684000     2.862872    -1.907375
       0.685000     2.868045    -1.909451
       0.686000     2.873216    -1.911526
       0.687000     2.878384    -1.913599
       0.688000     2.883550    -1.915670
       0.689000     2.888712    -1.917739
       0.690000     2.893872    -1.919807
       0.691000     2.899029    -1.921872
       0.692000     2.904184    -1.923936
       0.693000     2.909335    -1.925998
       0.694000     2.914484    -1.928058
       0.695000     2.919630    -1.930117
       0.696000     2.924774    -1.932173
       0.697000     2.929915    -1.934228
       0.698000     2.935053    -1.936281
       0.699000     2.940189    -1.938333
       0.700000     2.945321    -1.940382
       0.701000     2.950452    -1.942430
       0.702000     2.955579    -1.944476
       0.703000     2.960704    -1.946521
       0.704000     2.965826    -1.948563
       0.705000     2.970946    -1.950604
       0.706000     2.976063    -1.952643
       0.707000     2.981177    -1.954681
       0.708000     2.986289    -1.956716
       0.709000     2.991398    -1.958750
       0.710000     2.996505    -1.960783
       0.711000     3.001609    -1.962813
       0.712000     3.006711    -1.964842
       0.713000     3.011809    -1.966869
       0.714000     3.016906    -1.968895
       0.715000     3.022000    -1.970919
       0.716000     3.027091    -1.972941
       0.717000     3.032179    -1.974962
       0.718000     3.037266    -1.976981
       0.719000     3.042349    -1.978998
       0.720000     3.047430    -1.981014
       0.721000     3.052509    -1.983028
       0.722000     3.057585    -1.985040
       0.723000     3.062659    -1.987051
       0.724000     3.067730    -1.989060
       0.725000     3.072798    -1.991068
       0.726000     3.077864    -1.993074
       0.727000     3.082928    -1.995078
       0.728000     3.087989    -1.997081
       0.729000     3.093048    -1.999082
       0.730000     3.098104    -2.001081
       0.731000     3.103158    -2.003079
       0.732000     3.108210    -2.005076
       0.733000     3.113259    -2.007071
       0.734000     3.118305    -2.009064
       0.735000     3.123349    -2.011056
       0.736000     3.128391    -2.013046
       0.737000     3.133430    -2.015034
       0.738000     3.138467    -2.017022
       0.739000     3.143502    -2.019007
       0.740000     3.148534    -2.020991
       0.741000     3.153564    -2.022974
       0.742000     3.158591    -2.024954
       0.743000     3.163616    -2.026934
       0.744000     3.168639    -2.028912
       0.745000     3.173659    -2.030888
       0.746000     3.178677    -2.032863
       0.747000     3.183692    -2.034837
       0.748000     3.188706    -2.036808
       0.749000     3.193717    -2.038779
       0.750000     3.198725    -2.040748
       0.751000     3.203732    -2.042715
       0.752000     3.208736    -2.044681
       0.753000     3.213737    -2.046646
       0.754000     3.218737    -2.048609
       0.755000     3.223734    -2.050570
       0.756000     3.228729    -2.052531
       0.757000     3.233721    -2.054489
       0.758000     3.238711    -2.056446
       0.759000     3.243699    -2.058402
       0.760000     3.248685    -2.060357
       0.761000     3.253668    -2.062310
       0.762000     3.258650    -2.064261
       0.763000     3.263629    -2.066211
       0.764000     3.268605    -2.068160
       0.765000     3.273580    -2.070107
       0.766000     3.278552    -2.072053
       0.767000     3.283522    -2.073997
       0.768000     3.288490    -2.075940
       0.769000     3.293455    -2.077882
       0.770000     3.298419    -2.079822
       0.771000     3.303380    -2.081761
       0.772000     3.308339    -2.083698
       0.773000     3.313296    -2.085634
       0.774000     3.318250    -2.087569
       0.775000     3.323203    -2.089502
       0.776000     3.328153    -2.091434
       0.777000     3.333101    -2.093365
       0.778000     3.338047    -2.095294
       0.779000     3.342991    -2.097222
       0.780000     3.347932    -2.099149
       0.781000     3.352872    -2.101074
       0.782000     3.357809    -2.102998
       0.783000     3.362744    -2.104920
       0.784000     3.367678    -2.106841
       0.785000     3.372608    -2.108761
       0.786000     3.377537    -2.110680
       0.787000     3.382464    -2.112597
       0.788000     3.387389    -2.114513
       0.789000     3.392311    -2.116427
       0.790000     3.397231    -2.118340
       0.791000     3.402150    -2.120252
       0.792000     3.407066    -2.122163
       0.793000     3.411980    -2.124072
       0.794000     3.416892    -2.125980
       0.795000     3.421802    -2.127887
       0.796000     3.426710    -2.129792
       0.797000     3.431616    -2.131697
       0.798000     3.436519    -2.133599
       0.799000     3.441421    -2.135501
       0.800000     3.446321    -2.137401
       0.801000     3.451218    -2.139301
       0.802000     3.456114    -2.141198
       0.803000     3.461007    -2.143095
       0.804000     3.465899    -2.144990
       0.805000     3.470788    -2.146884
       0.806000     3.475676    -2.148777
       0.807000     3.480561    -2.150668
       0.808000     3.485445    -2.152559
       0.809000     3.490326    -2.154448
       0.810000     3.495206    -2.156336
       0.811000     3.500083    -2.158222
       0.812000     3.504958    -2.160108
       0.813000     3.509832    -2.161992
       0.814000     3.514703    -2.163875
       0.815000     3.519573    -2.165756
       0.816000     3.524440    -2.167637
       0.817000     3.529306    -2.169516
       0.818000     3.534169    -2.171394
       0.819000     3.539031    -2.173271
       0.820000     3.543891    -2.175146
       0.821000     3.548748    -2.177021
       0.822000     3.553604    -2.178894
       0.823000     3.558458    -2.180766
       0.824000     3.563310    -2.182637
       0.825000     3.568160    -2.184507
       0.826000     3.573008    -2.186375
       0.827000     3.577854    -2.188243
       0.828000     3.582698    -2.190109
       0.829000     3.587540    -2.191974
       0.830000     3.592381    -2.193838
       0.831000     3.597219    -2.195700
       0.832000     3.602056    -2.197562
       0.833000     3.606890    -2.199422
       0.834000     3.611723    -2.201281
       0.835000     3.616554    -2.203139
       0.836000     3.621383    -2.204996
       0.837000     3.626210    -2.206852
       0.838000     3.631035    -2.208706
       0.839000     3.635859    -2.210560
       0.840000     3.640680    -2.212412
       0.841000     3.645500    -2.214263
       0.842000     3.650318    -2.216113
       0.843000     3.655134    -2.217962
       0.844000     3.659948    -2.219810
       0.845000     3.664760    -2.221657
       0.846000     3.669570    -2.223502
       0.847000     3.674379    -2.225347
       0.848000     3.679185    -2.227190
       0.849000     3.683990    -2.229032
       0.850000     3.688793    -2.230874
       0.851000     3.693595    -2.232714
       0.852000     3.698394    -2.234553
       0.853000     3.703192    -2.236390
       0.854000     3.707987    -2.238227
       0.855000     3.712781    -2.240063
       0.856000     3.717574    -2.241897
       0.857000     3.722364    -2.243731
       0.858000     3.727153    -2.245563
       0.859000     3.731939    -2.247394
       0.860000     3.736724    -2.249225
       0.861000     3.741508    -2.251054
       0.862000     3.746289    -2.252882
       0.863000     3.751069    -2.254709
       0.864000     3.755847    -2.256535
       0.865000     3.760623    -2.258360
       0.866000     3.765397    -2.260184
       0.867000     3.770170    -2.262006
       0.868000     3.774941    -2.263828
       0.869000     3.779710    -2.265649
       0.870000     3.784477    -2.267468
       0.871000     3.789243    -2.269287
       0.872000     3.794007    -2.271105
       0.873000     3.798769    -2.272921
       0.874000     3.803529    -2.274737
       0.875000     3.808288    -2.276551
       0.876000     3.813045    -2.278364
       0.877000     3.817800    -2.280177
       0.878000     3.822554    -2.281988
       0.879000     3.827305    -2.283798
       0.880000     3.832055    -2.285608
       0.881000     3.836804    -2.287416
       0.882000     3.841551    -2.289223
       0.883000     3.846296    -2.291030
       0.884000     3.851039    -2.292835
       0.885000     3.855780    -2.294639
       0.886000     3.860520    -2.296442
       0.887000     3.865259    -2.298244
       0.888000     3.869995    -2.300046
       0.889000     3.874730    -2.301846
       0.890000     3.879463    -2.303645
       0.891000     3.884195    -2.305443
       0.892000     3.888925    -2.307241
       0.893000     3.893653    -2.309037
       0.894000     3.898379    -2.310832
       0.895000     3.903104    -2.312626
       0.896000     3.907827    -2.314420
       0.897000     3.912549    -2.316212
       0.898000     3.917269    -2.318003
       0.899000     3.921987    -2.319794
       0.900000     3.926704    -2.321583
       0.901000     3.931419    -2.323372
       0.902000     3.936132    -2.325159
       0.903000     3.940844    -2.326946
       0.904000     3.945554    -2.328731
       0.905000     3.950262    -2.330516
       0.906000     3.954969    -2.332300
       0.907000     3.959675    -2.334082
       0.908000     3.964378    -2.335864
       0.909000     3.969080    -2.337645
       0.910000     3.973781    -2.339425
       0.911000     3.978480    -2.341203
       0.912000     3.983177    -2.342981
       0.913000     3.987872    -2.344758
       0.914000     3.992566    -2.346535
       0.915000     3.997259    -2.348310
       0.916000     4.001950    -2.350084
       0.917000     4.006639    -2.351857
       0.918000     4.011327    -2.353630
       0.919000     4.016013    -2.355401
       0.920000     4.020697    -2.357171
       0.921000     4.025380    -2.358941
       0.922000     4.030062    -2.360710
       0.923000     4.034741    -2.362477
       0.924000     4.039420    -2.364244
       0.925000     4.044096    -2.366010
       0.926000     4.048772    -2.367775
       0.927000     4.053445    -2.369539
       0.928000     4.058117    -2.371303
       0.929000     4.062788    -2.373065
       0.930000     4.067457    -2.374826
       0.931000     4.072124    -2.376587
       0.932000     4.076790    -2.378346
       0.933000     4.081454    -2.380105
       0.934000     4.086117    -2.381863
       0.935000     4.090779    -2.383620
       0.936000     4.095438    -2.385376
       0.937000     4.100097    -2.387131
       0.938000     4.104753    -2.388885
       0.939000     4.109409    -2.390639
       0.940000     4.114062    -2.392391
       0.941000     4.118714    -2.394143
       0.942000     4.123365    -2.395893
       0.943000     4.128014    -2.397643
       0.944000     4.132662    -2.399392
       0.945000     4.137308    -2.401140
       0.946000     4.141953    -2.402888
       0.947000     4.146596    -2.404634
       0.948000     4.151238    -2.406380
       0.949000     4.155878    -2.408124
       0.950000     4.160517    -2.409868
       0.951000     4.165154    -2.411611
       0.952000     4.169790    -2.413353
       0.953000     4.174424    -2.415094
       0.954000     4.179057    -2.416835
       0.955000     4.183688    -2.418574
       0.956000     4.188318    -2.420313
       0.957000     4.192947    -2.422051
       0.958000     4.197574    -2.423788
       0.959000     4.202199    -2.425524
       0.960000     4.206823    -2.427259
       0.961000     4.211446    -2.428994
       0.962000     4.216067    -2.430727
       0.963000     4.220687    -2.432460
       0.964000     4.225305    -2.434192
       0.965000     4.229922    -2.435923
       0.966000     4.234537    -2.437653
       0.967000     4.239151    -2.439383
       0.968000     4.243764    -2.441112
       0.969000     4.248375    -2.442839
       0.970000     4.252984    -2.444566
       0.971000     4.257593    -2.446293
       0.972000     4.262199    -2.448018
       0.973000     4.266805    -2.449743
       0.974000     4.271409    -2.451466
       0.975000     4.276011    -2.453189
       0.976000     4.280613    -2.454911
       0.977000     4.285212    -2.456633
       0.978000     4.289811    -2.458353
       0.979000     4.294408    -2.460073
       0.980000     4.299003    -2.461792
       0.981000     4.303597    -2.463510
       0.982000     4.308190    -2.465227
       0.983000     4.312781    -2.466944
       0.984000     4.317371    -2.468659
       0.985000     4.321960    -2.470374
       0.986000     4.326547    -2.472089
       0.987000     4.331133    -2.473802
       0.988000     4.335717    -2.475514
       0.989000     4.340300    -2.477226
       0.990000     4.344882    -2.478937
       0.991000     4.349462    -2.480647
       0.992000     4.354041    -2.482357
       0.993000     4.358619    -2.484065
       0.994000     4.363195    -2.485773
       0.995000     4.367770    -2.487480
       0.996000     4.372343    -2.489187
       0.997000     4.376915    -2.490892
       0.998000     4.381486    -2.492597
       0.999000     4.386055    -2.494301