
       0.000000     2.000000
       0.000000     2.000000
       0.001000     1.996400
       0.002000     1.989212
       0.003000     1.978461
       0.004000     1.964182
       0.005000     1.946424
       0.006000     1.925245
       0.007000     1.900713
       0.008000     1.872906
       0.009000     1.841914
       0.010000     1.807829
       0.011000     1.770755
       0.012000     1.730799
       0.013000     1.688076
       0.014000     1.642703
       0.015000     1.594800
       0.016000     1.544492
       0.017000     1.491902
       0.018000     1.437156
       0.019000     1.380379
       0.020000     1.321696
       0.021000     1.261229
       0.022000     1.199100
       0.023000     1.135427
       0.024000     1.070326
       0.025000     1.003909
       0.026000     0.936286
       0.027000     0.867562
       0.028000     0.797840
       0.029000     0.727219
       0.030000     0.655794
       0.031000     0.583657
       0.032000     0.510896
       0.033000     0.437597
       0.034000     0.363845
       0.035000     0.289718
       0.036000     0.215297
       0.037000     0.140659
       0.038000     0.065880
       0.039000    -0.008965
       0.040000    -0.083802
       0.041000    -0.158554
       0.042000    -0.233147
       0.043000    -0.307505
       0.044000    -0.381549
       0.045000    -0.455200
       0.046000    -0.528377
       0.047000    -0.600997
       0.048000    -0.672972
       0.049000    -0.744213
       0.050000    -0.814627
       0.051000    -0.884119
       0.052000    -0.952589
       0.053000    -1.019932
       0.054000    -1.086044
       0.055000    -1.150814
       0.056000    -1.214128
       0.057000    -1.275869
       0.058000    -1.335920
       0.059000    -1.394158
       0.060000    -1.450460
       0.061000    -1.504701
       0.062000    -1.556755
       0.063000    -1.606499
       0.064000    -1.653807
       0.065000    -1.698556
       0.066000    -1.740627
       0.067000    -1.779902
       0.068000    -1.816270
       0.069000    -1.849623
       0.070000    -1.879861
       0.071000    -1.906890
       0.072000    -1.930626
       0.073000    -1.950992
       0.074000    -1.967922
       0.075000    -1.981359
       0.076000    -1.991260
       0.077000    -1.997590
       0.078000    -2.000328
       0.079000    -1.999465
       0.080000    -1.995004
       0.081000    -1.986960
       0.082000    -1.975360
       0.083000    -1.960243
       0.084000    -1.941660
       0.085000    -1.919671
       0.086000    -1.894347
       0.087000    -1.865769
       0.088000    -1.834027
       0.089000    -1.799216
       0.090000    -1.761442
       0.091000    -1.720813
       0.092000    -1.677444
       0.093000    -1.631454
       0.094000    -1.582964
       0.095000    -1.532097
       0.096000    -1.478979
       0.097000    -1.423736
       0.098000    -1.366491
       0.099000    -1.307369
       0.100000    -1.246493
       0.101000    -1.183984
       0.102000    -1.119958
       0.103000    -1.054532
       0.104000    -0.987816
       0.105000    -0.919920
       0.106000    -0.850948
       0.107000    -0.781002
       0.108000    -0.710180
       0.109000    -0.638575
       0.110000    -0.566281
       0.111000    -0.493383
       0.112000    -0.419969
       0.113000    -0.346119
       0.114000    -0.271915
       0.115000    -0.197435
       0.116000    -0.122756
       0.117000    -0.047954
       0.118000     0.026896
       0.119000     0.101719
       0.120000     0.176440
       0.121000     0.250983
       0.122000     0.325273
       0.123000     0.399230
       0.124000     0.472775
       0.125000     0.545827
       0.126000     0.618300
       0.127000     0.690107
       0.128000     0.761159
       0.129000     0.831361
       0.130000     0.900617
       0.131000     0.968827
       0.132000     1.035885
       0.133000     1.101686
       0.134000     1.166117
       0.135000     1.229065
       0.136000     1.290413
       0.137000     1.350040
       0.138000     1.407826
       0.139000     1.463645
       0.140000     1.517374
       0.141000     1.568886
       0.142000     1.618058
       0.143000     1.664764
       0.144000     1.708882
       0.145000     1.750294
       0.146000     1.788883
       0.147000     1.824538
       0.148000     1.857154
       0.149000     1.886631
       0.150000     1.912879
       0.151000     1.935814
       0.152000     1.955363
       0.153000     1.971461
       0.154000     1.984054
       0.155000     1.993102
       0.156000     1.998573
       0.157000     2.000449
       0.158000     1.998724
       0.159000     1.993403
       0.160000     1.984504
       0.161000     1.972058
       0.162000     1.956106
       0.163000     1.936700
       0.164000     1.913905
       0.165000     1.887794
       0.166000     1.858450
       0.167000     1.825964
       0.168000     1.790434
       0.169000     1.751965
       0.170000     1.710669
       0.171000     1.666662
       0.172000     1.620061
       0.173000     1.570991
       0.174000     1.519574
       0.175000     1.465935
       0.176000     1.410201
       0.177000     1.352495
       0.178000     1.292942
       0.179000     1.231664
       0.180000     1.168780
       0.181000     1.104409
       0.182000     1.038663
       0.183000     0.971655
       0.184000     0.903492
       0.185000     0.834278
       0.186000     0.764113
       0.187000     0.693095
       0.188000     0.621317
       0.189000     0.548870
       0.190000     0.475841
       0.191000     0.402315
       0.192000     0.328373
       0.193000     0.254096
       0.194000     0.179562
       0.195000     0.104846
       0.196000     0.030026
       0.197000    -0.044824
       0.198000    -0.119630
       0.199000    -0.194315
       0.200000    -0.268805
       0.201000    -0.343022
       0.202000    -0.416888
       0.203000    -0.490323
       0.204000    -0.563243
       0.205000    -0.635565
       0.206000    -0.707200
       0.207000    -0.778057
       0.208000    -0.848041
       0.209000    -0.917056
       0.210000    -0.984999
       0.211000    -1.051766
       0.212000    -1.117249
       0.213000    -1.181335
       0.214000    -1.243911
       0.215000    -1.304857
       0.216000    -1.364055
       0.217000    -1.421381
       0.218000    -1.476711
       0.219000    -1.529920
       0.220000    -1.580883
       0.221000    -1.629475
       0.222000    -1.675572
       0.223000    -1.719053
       0.224000    -1.759799
       0.225000    -1.797695
       0.226000    -1.832631
       0.227000    -1.864504
       0.228000    -1.893216
       0.229000    -1.918678
       0.230000    -1.940808
       0.231000    -1.959535
       0.232000    -1.974798
       0.233000    -1.986546
       0.234000    -1.994739
       0.235000    -1.999351
       0.236000    -2.000364
       0.237000    -1.997776
       0.238000    -1.991596
       0.239000    -1.981844
       0.240000    -1.968554
       0.241000    -1.951769
       0.242000    -1.931546
       0.243000    -1.907950
       0.244000    -1.881056
       0.245000    -1.850951
       0.246000    -1.817726
       0.247000    -1.781482
       0.248000    -1.742326
       0.249000    -1.700370
       0.250000    -1.655731
       0.251000    -1.608527
       0.252000    -1.558883
       0.253000    -1.506922
       0.254000    -1.452770
       0.255000    -1.396552
       0.256000    -1.338393
       0.257000    -1.278416
       0.258000    -1.216742
       0.259000    -1.153492
       0.260000    -1.088781
       0.261000    -1.022723
       0.262000    -0.955428
       0.263000    -0.887004
       0.264000    -0.817553
       0.265000    -0.747175
       0.266000    -0.675967
       0.267000    -0.604021
       0.268000    -0.531426
       0.269000    -0.458271
       0.270000    -0.384637
       0.271000    -0.310608
       0.272000    -0.236262
       0.273000    -0.161678
       0.274000    -0.086930
       0.275000    -0.012096
       0.276000     0.062750
       0.277000     0.137534
       0.278000     0.212180
       0.279000     0.286611
       0.280000     0.360751
       0.281000     0.434521
       0.282000     0.507840
       0.283000     0.580625
       0.284000     0.652791
       0.285000     0.724247
       0.286000     0.794904
       0.287000     0.864665
       0.288000     0.933433
       0.289000     1.001104
       0.290000     1.067573
       0.291000     1.132732
       0.292000     1.196467
       0.293000     1.258663
       0.294000     1.319202
       0.295000     1.377962
       0.296000     1.434821
       0.297000     1.489654
       0.298000     1.542337
       0.299000     1.592744
       0.300000     1.640749
       0.301000     1.686231
       0.302000     1.729067
       0.303000     1.769141
       0.304000     1.806337
       0.305000     1.840549
       0.306000     1.871673
       0.307000     1.899615
       0.308000     1.924285
       0.309000     1.945606
       0.310000     1.963509
       0.311000     1.977934
       0.312000     1.988834
       0.313000     1.996171
       0.314000     1.999922
       0.315000     2.000072
       0.316000     1.996623
       0.317000     1.989584
       0.318000     1.978982
       0.319000     1.964850
       0.320000     1.947236
       0.321000     1.926198
       0.322000     1.901805
       0.323000     1.874134
       0.324000     1.843272
       0.325000     1.809315
       0.326000     1.772364
       0.327000     1.732527
       0.328000     1.689917
       0.329000     1.644652
       0.330000     1.596853
       0.331000     1.546643
       0.332000     1.494145
       0.333000     1.439487
       0.334000     1.382793
       0.335000     1.324187
       0.336000     1.263792
       0.337000     1.201730
       0.338000     1.138119
       0.339000     1.073076
       0.340000     1.006712
       0.341000     0.939137
       0.342000     0.870457
       0.343000     0.800775
       0.344000     0.730190
       0.345000     0.658796
       0.346000     0.586687
       0.347000     0.513950
       0.348000     0.440673
       0.349000     0.366937
       0.350000     0.292825
       0.351000     0.218415
       0.352000     0.143784
       0.353000     0.069009
       0.354000    -0.005835
       0.355000    -0.080673
       0.356000    -0.155430
       0.357000    -0.230032
       0.358000    -0.304400
       0.359000    -0.378459
       0.360000    -0.452128
       0.361000    -0.525327
       0.362000    -0.597972
       0.363000    -0.669976
       0.364000    -0.741249
       0.365000    -0.811700
       0.366000    -0.881232
       0.367000    -0.949747
       0.368000    -1.017140
       0.369000    -1.083305
       0.370000    -1.148133
       0.371000    -1.211510
       0.372000    -1.273320
       0.373000    -1.333444
       0.374000    -1.391760
       0.375000    -1.448145
       0.376000    -1.502475
       0.377000    -1.554624
       0.378000    -1.604466
       0.379000    -1.651879
       0.380000    -1.696737
       0.381000    -1.738922
       0.382000    -1.778317
       0.383000    -1.814809
       0.384000    -1.848290
       0.385000    -1.878660
       0.386000    -1.905825
       0.387000    -1.929700
       0.388000    -1.950209
       0.389000    -1.967283
       0.390000    -1.980868
       0.391000    -1.990917
       0.392000    -1.997397
       0.393000    -2.000286
       0.394000    -1.999574
       0.395000    -1.995263
       0.396000    -1.987368
       0.397000    -1.975916
       0.398000    -1.960946
       0.399000    -1.942506
       0.400000    -1.920658
       0.401000    -1.895472
       0.402000    -1.867028
       0.403000    -1.835416
       0.404000    -1.800732
       0.405000    -1.763080
       0.406000    -1.722568
       0.407000    -1.679311
       0.408000    -1.633428
       0.409000    -1.585040
       0.410000    -1.534271
       0.411000    -1.481245
       0.412000    -1.426087
       0.413000    -1.368924
       0.414000    -1.309878
       0.415000    -1.249073
       0.416000    -1.186629
       0.417000    -1.122665
       0.418000    -1.057295
       0.419000    -0.990631
       0.420000    -0.922782
       0.421000    -0.853853
       0.422000    -0.783946
       0.423000    -0.713158
       0.424000    -0.641585
       0.425000    -0.569317
       0.426000    -0.496443
       0.427000    -0.423048
       0.428000    -0.349215
       0.429000    -0.275025
       0.430000    -0.200555
       0.431000    -0.125883
       0.432000    -0.051084
       0.433000     0.023765
       0.434000     0.098591
       0.435000     0.173318
       0.436000     0.247870
       0.437000     0.322172
       0.438000     0.396145
       0.439000     0.469709
       0.440000     0.542783
       0.441000     0.615282
       0.442000     0.687119
       0.443000     0.758204
       0.444000     0.828444
       0.445000     0.897741
       0.446000     0.965996
       0.447000     1.033105
       0.448000     1.098960
       0.449000     1.163451
       0.450000     1.226464
       0.451000     1.287881
       0.452000     1.347582
       0.453000     1.405447
       0.454000     1.461351
       0.455000     1.515170
       0.456000     1.566778
       0.457000     1.616050
       0.458000     1.662861
       0.459000     1.707091
       0.460000     1.748618
       0.461000     1.787327
       0.462000     1.823107
       0.463000     1.855852
       0.464000     1.885462
       0.465000     1.911847
       0.466000     1.934922
       0.467000     1.954614
       0.468000     1.970857
       0.469000     1.983598
       0.470000     1.992795
       0.471000     1.998417
       0.472000     2.000443
       0.473000     1.998868
       0.474000     1.993697
       0.475000     1.984948
       0.476000     1.972649
       0.477000     1.956842
       0.478000     1.937580
       0.479000     1.914926
       0.480000     1.888952
       0.481000     1.859741
       0.482000     1.827384
       0.483000     1.791979
       0.484000     1.753632
       0.485000     1.712452
       0.486000     1.668555
       0.487000     1.622061
       0.488000     1.573091
       0.489000     1.521769
       0.490000     1.468221
       0.491000     1.412572
       0.492000     1.354946
       0.493000     1.295468
       0.494000     1.234260
       0.495000     1.171441
       0.496000     1.107130
       0.497000     1.041439
       0.498000     0.974482
       0.499000     0.906365
       0.500000     0.837192
       0.501000     0.767065
       0.502000     0.696081
       0.503000     0.624333
       0.504000     0.551913
       0.505000     0.478906
       0.506000     0.405399
       0.507000     0.331473
       0.508000     0.257208
       0.509000     0.182683
       0.510000     0.107974
       0.511000     0.033157
       0.512000    -0.041694
       0.513000    -0.116503
       0.514000    -0.191195
       0.515000    -0.265694
       0.516000    -0.339924
       0.517000    -0.413807
       0.518000    -0.487261
       0.519000    -0.560205
       0.520000    -0.632553
       0.521000    -0.704219
       0.522000    -0.775110
       0.523000    -0.845133
       0.524000    -0.914190
       0.525000    -0.982180
       0.526000    -1.048999
       0.527000    -1.114537
       0.528000    -1.178684
       0.529000    -1.241325
       0.530000    -1.302343
       0.531000    -1.361616
       0.532000    -1.419022
       0.533000    -1.474438
       0.534000    -1.527739
       0.535000    -1.578798
       0.536000    -1.627492
       0.537000    -1.673696
       0.538000    -1.717289
       0.539000    -1.758151
       0.540000    -1.796169
       0.541000    -1.831231
       0.542000    -1.863234
       0.543000    -1.892080
       0.544000    -1.917679
       0.545000    -1.939950
       0.546000    -1.958821
       0.547000    -1.974230
       0.548000    -1.986126
       0.549000    -1.994468
       0.550000    -1.999230
       0.551000    -2.000394
       0.552000    -1.997957
       0.553000    -1.991926
       0.554000    -1.982323
       0.555000    -1.969180
       0.556000    -1.952541
       0.557000    -1.932460
       0.558000    -1.909003
       0.559000    -1.882246
       0.560000    -1.852273
       0.561000    -1.819177
       0.562000    -1.783057
       0.563000    -1.744021
       0.564000    -1.702180
       0.565000    -1.657650
       0.566000    -1.610551
       0.567000    -1.561007
       0.568000    -1.509140
       0.569000    -1.455078
       0.570000    -1.398943
       0.571000    -1.340863
       0.572000    -1.280959
       0.573000    -1.219354
       0.574000    -1.156167
       0.575000    -1.091515
       0.576000    -1.025511
       0.577000    -0.958266
       0.578000    -0.889887
       0.579000    -0.820477
       0.580000    -0.750136
       0.581000    -0.678961
       0.582000    -0.607043
       0.583000    -0.534474
       0.584000    -0.461341
       0.585000    -0.387726
       0.586000    -0.313711
       0.587000    -0.239377
       0.588000    -0.164801
       0.589000    -0.090059
       0.590000    -0.015227
       0.591000     0.059621
       0.592000     0.134408
       0.593000     0.209061
       0.594000     0.283503
       0.595000     0.357657
       0.596000     0.431444
       0.597000     0.504784
       0.598000     0.577593
       0.599000     0.649786
       0.600000     0.721274
       0.601000     0.791966
       0.602000     0.861767
       0.603000     0.930578
       0.604000     0.998297
       0.605000     1.064819
       0.606000     1.130034
       0.607000     1.193831
       0.608000     1.256094
       0.609000     1.316704
       0.610000     1.375542
       0.611000     1.432483
       0.612000     1.487403
       0.613000     1.540178
       0.614000     1.590683
       0.615000     1.638791
       0.616000     1.684381
       0.617000     1.727330
       0.618000     1.767521
       0.619000     1.804841
       0.620000     1.839179
       0.621000     1.870435
       0.622000     1.898511
       0.623000     1.923320
       0.624000     1.944783
       0.625000     1.962830
       0.626000     1.977401
       0.627000     1.988449
       0.628000     1.995936
       0.629000     1.999837
       0.630000     2.000138
       0.631000     1.996839
       0.632000     1.989950
       0.633000     1.979496
       0.634000     1.965511
       0.635000     1.948042
       0.636000     1.927146
       0.637000     1.902891
       0.638000     1.875356
       0.639000     1.844626
       0.640000     1.810796
       0.641000     1.773968
       0.642000     1.734249
       0.643000     1.691753
       0.644000     1.646597
       0.645000     1.598901
       0.646000     1.548789
       0.647000     1.496385
       0.648000     1.441815
       0.649000     1.385203
       0.650000     1.326675
       0.651000     1.266353
       0.652000     1.204358
       0.653000     1.140809
       0.654000     1.075823
       0.655000     1.009512
       0.656000     0.941986
       0.657000     0.873350
       0.658000     0.803708
       0.659000     0.733159
       0.660000     0.661797
       0.661000     0.589716
       0.662000     0.517004
       0.663000     0.443747
       0.664000     0.370029
       0.665000     0.295931
       0.666000     0.221532
       0.667000     0.146909
       0.668000     0.072139
       0.669000    -0.002704
       0.670000    -0.077544
       0.671000    -0.152306
       0.672000    -0.226915
       0.673000    -0.301296
       0.674000    -0.375369
       0.675000    -0.449056
       0.676000    -0.522276
       0.677000    -0.594946
       0.678000    -0.666978
       0.679000    -0.738284
       0.680000    -0.808771
       0.681000    -0.878344
       0.682000    -0.946903
       0.683000    -1.014345
       0.684000    -1.080564
       0.685000    -1.145450
       0.686000    -1.208890
       0.687000    -1.270768
       0.688000    -1.330965
       0.689000    -1.389359
       0.690000    -1.445827
       0.691000    -1.500245
       0.692000    -1.552488
       0.693000    -1.602430
       0.694000    -1.649946
       0.695000    -1.694914
       0.696000    -1.737213
       0.697000    -1.776727
       0.698000    -1.813342
       0.699000    -1.846951
       0.700000    -1.877453
       0.701000    -1.904754
       0.702000    -1.928769
       0.703000    -1.949419
       0.704000    -1.966639
       0.705000    -1.980370
       0.706000    -1.990568
       0.707000    -1.997198
       0.708000    -2.000237
       0.709000    -1.999675
       0.710000    -1.995515
       0.711000    -1.987770
       0.712000    -1.976466
       0.713000    -1.961642
       0.714000    -1.943346
       0.715000    -1.921639
       0.716000    -1.896591
       0.717000    -1.868282
       0.718000    -1.836801
       0.719000    -1.802243
       0.720000    -1.764713
       0.721000    -1.724318
       0.722000    -1.681174
       0.723000    -1.635399
       0.724000    -1.587113
       0.725000    -1.536440
       0.726000    -1.483506
       0.727000    -1.428435
       0.728000    -1.371353
       0.729000    -1.312384
       0.730000    -1.251650
       0.731000    -1.189272
       0.732000    -1.125369
       0.733000    -1.060055
       0.734000    -0.993443
       0.735000    -0.925642
       0.736000    -0.856756
       0.737000    -0.786888
       0.738000    -0.716135
       0.739000    -0.644593
       0.740000    -0.572352
       0.741000    -0.499502
       0.742000    -0.426128
       0.743000    -0.352311
       0.744000    -0.278134
       0.745000    -0.203674
       0.746000    -0.129009
       0.747000    -0.054214
       0.748000     0.020634
       0.749000     0.095463
       0.750000     0.170195
       0.751000     0.244757
       0.752000     0.319070
       0.753000     0.393058
       0.754000     0.466641
       0.755000     0.539737
       0.756000     0.612262
       0.757000     0.684129
       0.758000     0.755247
       0.759000     0.825524
       0.760000     0.894863
       0.761000     0.963164
       0.762000     1.030323
       0.763000     1.096233
       0.764000     1.160783
       0.765000     1.223859
       0.766000     1.285345
       0.767000     1.345121
       0.768000     1.403066
       0.769000     1.459054
       0.770000     1.512963
       0.771000     1.564665
       0.772000     1.614037
       0.773000     1.660954
       0.774000     1.705294
       0.775000     1.746937
       0.776000     1.785766
       0.777000     1.821670
       0.778000     1.854544
       0.779000     1.884288
       0.780000     1.910809
       0.781000     1.934025
       0.782000     1.953859
       0.783000     1.970248
       0.784000     1.983136
       0.785000     1.992482
       0.786000     1.998253
       0.787000     2.000431
       0.788000     1.999006
       0.789000     1.993985
       0.790000     1.985385
       0.791000     1.973234
       0.792000     1.957573
       0.793000     1.938454
       0.794000     1.915940
       0.795000     1.890104
       0.796000     1.861026
       0.797000     1.828799
       0.798000     1.793520
       0.799000     1.755293
       0.800000     1.714229
       0.801000     1.670444
       0.802000     1.624056
       0.803000     1.575187
       0.804000     1.523961
       0.805000     1.470504
       0.806000     1.414940
       0.807000     1.357394
       0.808000     1.297991
       0.809000     1.236853
       0.810000     1.174099
       0.811000     1.109848
       0.812000     1.044213
       0.813000     0.977306
       0.814000     0.909236
       0.815000     0.840105
       0.816000     0.770016
       0.817000     0.699066
       0.818000     0.627348
       0.819000     0.554954
       0.820000     0.481970
       0.821000     0.408482
       0.822000     0.334572
       0.823000     0.260320
       0.824000     0.185804
       0.825000     0.111101
       0.826000     0.036287
       0.827000    -0.038564
       0.828000    -0.113376
       0.829000    -0.188074
       0.830000    -0.262583
       0.831000    -0.336826
       0.832000    -0.410725
       0.833000    -0.484198
       0.834000    -0.557165
       0.835000    -0.629540
       0.836000    -0.701236
       0.837000    -0.772162
       0.838000    -0.842223
       0.839000    -0.911322
       0.840000    -0.979359
       0.841000    -1.046229
       0.842000    -1.111823
       0.843000    -1.176031
       0.844000    -1.238737
       0.845000    -1.299825
       0.846000    -1.359173
       0.847000    -1.416660
       0.848000    -1.472162
       0.849000    -1.525553
       0.850000    -1.576709
       0.851000    -1.625504
       0.852000    -1.671815
       0.853000    -1.715519
       0.854000    -1.756498
       0.855000    -1.794637
       0.856000    -1.829825
       0.857000    -1.861958
       0.858000    -1.890938
       0.859000    -1.916675
       0.860000    -1.939086
       0.861000    -1.958101
       0.862000    -1.973656
       0.863000    -1.985699
       0.864000    -1.994191
       0.865000    -1.999103
       0.866000    -2.000417
       0.867000    -1.998131
       0.868000    -1.992250
       0.869000    -1.982796
       0.870000    -1.969800
       0.871000    -1.953306
       0.872000    -1.933368
       0.873000    -1.910051
       0.874000    -1.883430
       0.875000    -1.853590
       0.876000    -1.820622
       0.877000    -1.784627
       0.878000    -1.745711
       0.879000    -1.703984
       0.880000    -1.659565
       0.881000    -1.612571
       0.882000    -1.563126
       0.883000    -1.511355
       0.884000    -1.457381
       0.885000    -1.401331
       0.886000    -1.343329
       0.887000    -1.283500
       0.888000    -1.221963
       0.889000    -1.158840
       0.890000    -1.094247
       0.891000    -1.028298
       0.892000    -0.961102
       0.893000    -0.892768
       0.894000    -0.823399
       0.895000    -0.753095
       0.896000    -0.681953
       0.897000    -0.610065
       0.898000    -0.537522
       0.899000    -0.464410
       0.900000    -0.390813
       0.901000    -0.316814
       0.902000    -0.242492
       0.903000    -0.167924
       0.904000    -0.093187
       0.905000    -0.018357
       0.906000     0.056491
       0.907000     0.131283
       0.908000     0.205943
       0.909000     0.280395
       0.910000     0.354562
       0.911000     0.428367
       0.912000     0.501726
       0.913000     0.574559
       0.914000     0.646780
       0.915000     0.718300
       0.916000     0.789027
       0.917000     0.858867
       0.918000     0.927721
       0.919000     0.995488
       0.920000     1.062062
       0.921000     1.127334
       0.922000     1.191193
       0.923000     1.253522
       0.924000     1.314204
       0.925000     1.373118
       0.926000     1.430141
       0.927000     1.485148
       0.928000     1.538016
       0.929000     1.588617
       0.930000     1.636829
       0.931000     1.682526
       0.932000     1.725588
       0.933000     1.765897
       0.934000     1.803339
       0.935000     1.837804
       0.936000     1.869191
       0.937000     1.897402
       0.938000     1.922349
       0.939000     1.943953
       0.940000     1.962144
       0.941000     1.976862
       0.942000     1.988058
       0.943000     1.995695
       0.944000     1.999746
       0.945000     2.000198
       0.946000     1.997049
       0.947000     1.990310
       0.948000     1.980004
       0.949000     1.966166
       0.950000     1.948841
       0.951000     1.928087
       0.952000     1.903972
       0.953000     1.876572
       0.954000     1.845974
       0.955000     1.812272
       0.956000     1.775567
       0.957000     1.735967
       0.958000     1.693585
       0.959000     1.648537
       0.960000     1.600945
       0.961000     1.550932
       0.962000     1.498621
       0.963000     1.444139
       0.964000     1.387610
       0.965000     1.329159
       0.966000     1.268910
       0.967000     1.206983
       0.968000     1.143497
       0.969000     1.078569
       0.970000     1.012311
       0.971000     0.944833
       0.972000     0.876242
       0.973000     0.806640
       0.974000     0.736127
       0.975000     0.664797
       0.976000     0.592744
       0.977000     0.520057
       0.978000     0.446821
       0.979000     0.373121
       0.980000     0.299037
       0.981000     0.224649
       0.982000     0.150034
       0.983000     0.075268
       0.984000     0.000427
       0.985000    -0.074415
       0.986000    -0.149182
       0.987000    -0.223799
       0.988000    -0.298190
       0.989000    -0.372278
       0.990000    -0.445983
       0.991000    -0.519224
       0.992000    -0.591918
       0.993000    -0.663979
       0.994000    -0.735317
       0.995000    -0.805841
       0.996000    -0.875454
       0.997000    -0.944057
       0.998000    -1.011548
       0.999000    -1.077820