
       0.000000     4.000000    32.800000
       0.010000     4.120000    30.452802
       0.030000     4.239020    28.124812
       0.050000     4.357060    25.816030
       0.070000     4.474120    23.526456
       0.090000     4.590200    21.256090
       0.110000     4.705300    19.004932
       0.130000     4.819420    16.772982
       0.150000     4.932560    14.560240
       0.170000     5.044720    12.366706
       0.190000     5.155900    10.192380
       0.210000     5.266100     8.037262
       0.230000     5.375320     5.901352
       0.250000     5.483560     3.784650
       0.270000     5.590820     1.687156
       0.290000     5.697100    -0.391130
       0.310000     5.802400    -2.450208
       0.330000     5.906720    -4.490078
       0.350000     6.010060    -6.510740
       0.370000     6.112420    -8.512194
       0.390000     6.213800   -10.494440
       0.410000     6.314200   -12.457478
       0.430000     6.413620   -14.401308
       0.450000     6.512060   -16.325930
       0.470000     6.609520   -18.231344
       0.490000     6.706000   -20.117550
       0.510000     6.801500   -21.984548
       0.530000     6.896020   -23.832338
       0.550000     6.989560   -25.660920
       0.570000     7.082120   -27.470294
       0.590000     7.173700   -29.260460
       0.610000     7.264300   -31.031418
       0.630000     7.353920   -32.783168
       0.650000     7.442560   -34.515710
       0.670000     7.530220   -36.229044
       0.690000     7.616900   -37.923170
       0.710000     7.702600   -39.598088
       0.730000     7.787320   -41.253798
       0.750000     7.871060   -42.890300
       0.770000     7.953820   -44.507594
       0.790000     8.035600   -46.105680
       0.810000     8.116400   -47.684558
       0.830000     8.196220   -49.244228
       0.850000     8.275060   -50.784690
       0.870000     8.352920   -52.305944
       0.890000     8.429800   -53.807990
       0.910000     8.505700   -55.290828
       0.930000     8.580620   -56.754458
       0.950000     8.654560   -58.198880
       0.970000     8.727520   -59.624094
       0.990000     8.799500   -61.030100
       1.010000     8.870500   -62.416898
       1.030000     8.940520   -63.784488
       1.050000     9.009560   -65.132870
       1.070000     9.077620   -66.462044
       1.090000     9.144700   -67.772010
       1.110000     9.210800   -69.062768
       1.130000     9.275920   -70.334318
       1.150000     9.340060   -71.586660
       1.170000     9.403220   -72.819794
       1.190000     9.465400   -74.033720
       1.210000     9.526600   -75.228438
       1.230000     9.586820   -76.403948
       1.250000     9.646060   -77.560250
       1.270000     9.704320   -78.697344
       1.290000     9.761600   -79.815230
       1.310000     9.817900   -80.913908
       1.330000     9.873220   -81.993378
       1.350000     9.927560   -83.053640
       1.370000     9.980920   -84.094694
       1.390000    10.033300   -85.116540
       1.410000    10.084700   -86.119178
       1.430000    10.135120   -87.102608
       1.450000    10.184560   -88.066830
       1.470000    10.233020   -89.011844
       1.490000    10.280500   -89.937650
       1.510000    10.327000   -90.844248
       1.530000    10.372520   -91.731638
       1.550000    10.417060   -92.599820
       1.570000    10.460620   -93.448794
       1.590000    10.503200   -94.278560
       1.610000    10.544800   -95.089118
       1.630000    10.585420   -95.880468
       1.650000    10.625060   -96.652610
       1.670000    10.663720   -97.405544
       1.690000    10.701400   -98.139270
       1.710000    10.738100   -98.853788
       1.730000    10.773820   -99.549098
       1.750000    10.808560  -100.225200
       1.770000    10.842320  -100.882094
       1.790000    10.875100  -101.519780
       1.810000    10.906900  -102.138258
       1.830000    10.937720  -102.737528
       1.850000    10.967560  -103.317590
       1.870000    10.996420  -103.878444
       1.890000    11.024300  -104.420090
       1.910000    11.051200  -104.942528
       1.930000    11.077120  -105.445758
       1.950000    11.102060  -105.929780
       1.970000    11.126020  -106.394594
       1.990000    11.149000  -106.840200
       2.010000    11.171000  -107.266598
       2.030000    11.192020  -107.673788
       2.050000    11.212060  -108.061770
       2.070000    11.231120  -108.430544
       2.090000    11.249200  -108.780110
       2.110000    11.266300  -109.110468
       2.130000    11.282420  -109.421618
       2.150000    11.297560  -109.713560
       2.170000    11.311720  -109.986294
       2.190000    11.324900  -110.239820
       2.210000    11.337100  -110.474138
       2.230000    11.348320  -110.689248
       2.250000    11.358560  -110.885150
       2.270000    11.367820  -111.061844
       2.290000    11.376100  -111.219330
       2.310000    11.383400  -111.357608
       2.330000    11.389720  -111.476678
       2.350000    11.395060  -111.576540
       2.370000    11.399420  -111.657194
       2.390000    11.402800  -111.718640
       2.410000    11.405200  -111.760878
       2.430000    11.406620  -111.783908
       2.450000    11.407060  -111.787730
       2.470000    11.406520  -111.772344
       2.490000    11.405000  -111.737750
       2.510000    11.402500  -111.683948
       2.530000    11.399020  -111.610938
       2.550000    11.394560  -111.518720
       2.570000    11.389120  -111.407294
       2.590000    11.382700  -111.276660
       2.610000    11.375300  -111.126818
       2.630000    11.366920  -110.957768
       2.650000    11.357560  -110.769510
       2.670000    11.347220  -110.562044
       2.690000    11.335900  -110.335370
       2.710000    11.323600  -110.089488
       2.730000    11.310320  -109.824398
       2.750000    11.296060  -109.540100
       2.770000    11.280820  -109.236594
       2.790000    11.264600  -108.913880
       2.810000    11.247400  -108.571958
       2.830000    11.229220  -108.210828
       2.850000    11.210060  -107.830490
       2.870000    11.189920  -107.430944
       2.890000    11.168800  -107.012190
       2.910000    11.146700  -106.574228
       2.930000    11.123620  -106.117058
       2.950000    11.099560  -105.640680
       2.970000    11.074520  -105.145094
       2.990000    11.048500  -104.630300
       3.010000    11.021500  -104.096298
       3.030000    10.993520  -103.543088
       3.050000    10.964560  -102.970670
       3.070000    10.934620  -102.379044
       3.090000    10.903700  -101.768210
       3.110000    10.871800  -101.138168
       3.130000    10.838920  -100.488918
       3.150000    10.805060   -99.820460
       3.170000    10.770220   -99.132794
       3.190000    10.734400   -98.425920
       3.210000    10.697600   -97.699838
       3.230000    10.659820   -96.954548
       3.250000    10.621060   -96.190050
       3.270000    10.581320   -95.406344
       3.290000    10.540600   -94.603430
       3.310000    10.498900   -93.781308
       3.330000    10.456220   -92.939978
       3.350000    10.412560   -92.079440
       3.370000    10.367920   -91.199694
       3.390000    10.322300   -90.300740
       3.410000    10.275700   -89.382578
       3.430000    10.228120   -88.445208
       3.450000    10.179560   -87.488630
       3.470000    10.130020   -86.512844
       3.490000    10.079500   -85.517850
       3.510000    10.028000   -84.503648
       3.530000     9.975520   -83.470238
       3.550000     9.922060   -82.417620
       3.570000     9.867620   -81.345794
       3.590000     9.812200   -80.254760
       3.610000     9.755800   -79.144518
       3.630000     9.698420   -78.015068
       3.650000     9.640060   -76.866410
       3.670000     9.580720   -75.698544
       3.690000     9.520400   -74.511470
       3.710000     9.459100   -73.305188
       3.730000     9.396820   -72.079698
       3.750000     9.333560   -70.835000
       3.770000     9.269320   -69.571094
       3.790000     9.204100   -68.287980
       3.810000     9.137900   -66.985658
       3.830000     9.070720   -65.664128
       3.850000     9.002560   -64.323390
       3.870000     8.933420   -62.963444
       3.890000     8.863300   -61.584290
       3.910000     8.792200   -60.185928
       3.930000     8.720120   -58.768358
       3.950000     8.647060   -57.331580
       3.970000     8.573020   -55.875594
       3.990000     8.498000   -54.400400
       4.010000     8.422000   -52.905998
       4.030000     8.345020   -51.392388
       4.050000     8.267060   -49.859570
       4.070000     8.188120   -48.307544
       4.090000     8.108200   -46.736310
       4.110000     8.027300   -45.145868
       4.130000     7.945420   -43.536218
       4.150000     7.862560   -41.907360
       4.170000     7.778720   -40.259294
       4.190000     7.693900   -38.592020
       4.210000     7.608100   -36.905538
       4.230000     7.521320   -35.199848
       4.250000     7.433560   -33.474950
       4.270000     7.344820   -31.730844
       4.290000     7.255100   -29.967530
       4.310000     7.164400   -28.185008
       4.330000     7.072720   -26.383278
       4.350000     6.980060   -24.562340
       4.370000     6.886420   -22.722194
       4.390000     6.791800   -20.862840
       4.410000     6.696200   -18.984278
       4.430000     6.599620   -17.086508
       4.450000     6.502060   -15.169530
       4.470000     6.403520   -13.233344
       4.490000     6.304000   -11.277950
       4.510000     6.203500    -9.303348
       4.530000     6.102020    -7.309538
       4.550000     5.999560    -5.296520
       4.570000     5.896120    -3.264294
       4.590000     5.791700    -1.212860
       4.610000     5.686300     0.857782
       4.630000     5.579920     2.947632
       4.650000     5.472560     5.056690
       4.670000     5.364220     7.184956
       4.690000     5.254900     9.332430
       4.710000     5.144600    11.499112
       4.730000     5.033320    13.685002
       4.750000     4.921060    15.890100
       4.770000     4.807820    18.114406
       4.790000     4.693600    20.357920
       4.810000     4.578400    22.620642
       4.830000     4.462220    24.902572
       4.850000     4.345060    27.203710
       4.870000     4.226920    29.524056
       4.890000     4.107800    31.863610
       4.910000     3.987700    34.222372
       4.930000     3.866620    36.600342
       4.950000     3.744560    38.997520
       4.970000     3.621520    41.413906
       4.990000     3.497500    43.849500
       5.010000     3.372500    46.304302
       5.030000     3.246520    48.778312
       5.050000     3.119560    51.271530
       5.070000     2.991620    53.783956
       5.090000     2.862700    56.315590
       5.110000     2.732800    58.866432
       5.130000     2.601920    61.436482
       5.150000     2.470060    64.025740
       5.170000     2.337220    66.634206
       5.190000     2.203400    69.261880
       5.210000     2.068600    71.908762
       5.230000     1.932820    74.574852
       5.250000     1.796060    77.260150
       5.270000     1.658320    79.964656
       5.290000     1.519600    82.688370
       5.310000     1.379900    85.431292
       5.330000     1.239220    88.193422
       5.350000     1.097560    90.974760
       5.370000     0.954920    93.775306
       5.390000     0.811300    96.595060
       5.410000     0.666700    99.434022
       5.430000     0.521120   102.292192
       5.450000     0.374560   105.169570
       5.470000     0.227020   108.066156
       5.490000     0.078500   110.981950
       5.510000    -0.071000   113.916952