    0.000000     1.000000     0.000000
       0.000000     1.000000     0.003142
       0.001000     0.999961     0.006283
       0.002000     0.999882     0.009424
       0.003000     0.999763     0.012565
       0.004000     0.999605     0.015705
       0.005000     0.999408     0.018845
       0.006000     0.999171     0.021984
       0.007000     0.998894     0.025122
       0.008000     0.998578     0.028259
       0.009000     0.998223     0.031395
       0.010000     0.997828     0.034530
       0.011000     0.997393     0.037664
       0.012000     0.996919     0.040795
       0.013000     0.996405     0.043926
       0.014000     0.995852     0.047054
       0.015000     0.995258     0.050181
       0.016000     0.994625     0.053306
       0.017000     0.993953     0.056428
       0.018000     0.993240     0.059548
       0.019000     0.992488     0.062666
       0.020000     0.991696     0.065782
       0.021000     0.990864     0.068894
       0.022000     0.989992     0.072004
       0.023000     0.989081     0.075111
       0.024000     0.988129     0.078215
       0.025000     0.987137     0.081316
       0.026000     0.986105     0.084414
       0.027000     0.985033     0.087508
       0.028000     0.983920     0.090598
       0.029000     0.982768     0.093685
       0.030000     0.981575     0.096768
       0.031000     0.980342     0.099847
       0.032000     0.979068     0.102922
       0.033000     0.977753     0.105992
       0.034000     0.976399     0.109059
       0.035000     0.975003     0.112120
       0.036000     0.973567     0.115177
       0.037000     0.972090     0.118229
       0.038000     0.970572     0.121277
       0.039000     0.969013     0.124319
       0.040000     0.967413     0.127355
       0.041000     0.965772     0.130387
       0.042000     0.964090     0.133413
       0.043000     0.962367     0.136433
       0.044000     0.960602     0.139447
       0.045000     0.958796     0.142455
       0.046000     0.956948     0.145457
       0.047000     0.955058     0.148453
       0.048000     0.953127     0.151442
       0.049000     0.951154     0.154425
       0.050000     0.949139     0.157401
       0.051000     0.947082     0.160369
       0.052000     0.944982     0.163331
       0.053000     0.942841     0.166285
       0.054000     0.940657     0.169232
       0.055000     0.938430     0.172171
       0.056000     0.936161     0.175103
       0.057000     0.933849     0.178026
       0.058000     0.931494     0.180941
       0.059000     0.929096     0.183848
       0.060000     0.926655     0.186747
       0.061000     0.924170     0.189636
       0.062000     0.921642     0.192517
       0.063000     0.919071     0.195388
       0.064000     0.916455     0.198251
       0.065000     0.913796     0.201103
       0.066000     0.911093     0.203946
       0.067000     0.908346     0.206779
       0.068000     0.905554     0.209603
       0.069000     0.902718     0.212415
       0.070000     0.899837     0.215218
       0.071000     0.896911     0.218009
       0.072000     0.893940     0.220790
       0.073000     0.890924     0.223559
       0.074000     0.887863     0.226317
       0.075000     0.884756     0.229064
       0.076000     0.881603     0.231798
       0.077000     0.878404     0.234521
       0.078000     0.875160     0.237231
       0.079000     0.871869     0.239928
       0.080000     0.868531     0.242613
       0.081000     0.865146     0.245285
       0.082000     0.861715     0.247943
       0.083000     0.858236     0.250588
       0.084000     0.854710     0.253219
       0.085000     0.851137     0.255836
       0.086000     0.847515     0.258438
       0.087000     0.843845     0.261026
       0.088000     0.840127     0.263599
       0.089000     0.836361     0.266157
       0.090000     0.832546     0.268699
       0.091000     0.828681     0.271225
       0.092000     0.824767     0.273735
       0.093000     0.820804     0.276229
       0.094000     0.816790     0.278706
       0.095000     0.812727     0.281165
       0.096000     0.808613     0.283608
       0.097000     0.804448     0.286032
       0.098000     0.800233     0.288438
       0.099000     0.795966     0.290826
       0.100000     0.791647     0.293195
       0.101000     0.787276     0.295545
       0.102000     0.782854     0.297875
       0.103000     0.778378     0.300185
       0.104000     0.773850     0.302475
       0.105000     0.769268     0.304744
       0.106000     0.764633     0.306991
       0.107000     0.759943     0.309217
       0.108000     0.755200     0.311421
       0.109000     0.750402     0.313602
       0.110000     0.745548     0.315761
       0.111000     0.740640     0.317895
       0.112000     0.735675     0.320006
       0.113000     0.730654     0.322093
       0.114000     0.725577     0.324154
       0.115000     0.720442     0.326190
       0.116000     0.715250     0.328200
       0.117000     0.710000     0.330183
       0.118000     0.704691     0.332139
       0.119000     0.699324     0.334068
       0.120000     0.693898     0.335968
       0.121000     0.688411     0.337839
       0.122000     0.682865     0.339680
       0.123000     0.677257     0.341492
       0.124000     0.671589     0.343272
       0.125000     0.665858     0.345021
       0.126000     0.660065     0.346737
       0.127000     0.654210     0.348421
       0.128000     0.648291     0.350071
       0.129000     0.642308     0.351686
       0.130000     0.636260     0.353266
       0.131000     0.630147     0.354809
       0.132000     0.623969     0.356316
       0.133000     0.617724     0.357784
       0.134000     0.611412     0.359214
       0.135000     0.605032     0.360604
       0.136000     0.598584     0.361954
       0.137000     0.592067     0.363261
       0.138000     0.585480     0.364526
       0.139000     0.578823     0.365747
       0.140000     0.572094     0.366923
       0.141000     0.565294     0.368053
       0.142000     0.558421     0.369135
       0.143000     0.551474     0.370169
       0.144000     0.544453     0.371153
       0.145000     0.537357     0.372086
       0.146000     0.530185     0.372966
       0.147000     0.522936     0.373792
       0.148000     0.515609     0.374563
       0.149000     0.508204     0.375276
       0.150000     0.500719     0.375931
       0.151000     0.493154     0.376525
       0.152000     0.485507     0.377057
       0.153000     0.477778     0.377525
       0.154000     0.469965     0.377927
       0.155000     0.462067     0.378261
       0.156000     0.454084     0.378525
       0.157000     0.446014     0.378716
       0.158000     0.437856     0.378833
       0.159000     0.429609     0.378872
       0.160000     0.421272     0.378833
       0.161000     0.412843     0.378711
       0.162000     0.404322     0.378503
       0.163000     0.395707     0.378208
       0.164000     0.386996     0.377822
       0.165000     0.378189     0.377342
       0.166000     0.369284     0.376764
       0.167000     0.360280     0.376084
       0.168000     0.351175     0.375300
       0.169000     0.341968     0.374406
       0.170000     0.332657     0.373399
       0.171000     0.323242     0.372274
       0.172000     0.313720     0.371027
       0.173000     0.304090     0.369652
       0.174000     0.294350     0.368143
       0.175000     0.284500     0.366496
       0.176000     0.274537     0.364704
       0.177000     0.264460     0.362761
       0.178000     0.254267     0.360660
       0.179000     0.243958     0.358392
       0.180000     0.233531     0.355951
       0.181000     0.222984     0.353328
       0.182000     0.212317     0.350514
       0.183000     0.201527     0.347499
       0.184000     0.190615     0.344272
       0.185000     0.179580     0.340822
       0.186000     0.168420     0.337136
       0.187000     0.157136     0.333202
       0.188000     0.145729     0.329005
       0.189000     0.134197     0.324529
       0.190000     0.122544     0.319758
       0.191000     0.110770     0.314672
       0.192000     0.098878     0.309251
       0.193000     0.086872     0.303473
       0.194000     0.074757     0.297315
       0.195000     0.062539     0.290749
       0.196000     0.050228     0.283747
       0.197000     0.037834     0.276277
       0.198000     0.025371     0.268304
       0.199000     0.012857     0.259790
       0.200000     0.000314     0.250692
       0.201000    -0.012230     0.240967
       0.202000    -0.024740     0.230565
       0.203000    -0.037171     0.219432
       0.204000    -0.049469     0.207514
       0.205000    -0.061566     0.194751
       0.206000    -0.073377     0.181087
       0.207000    -0.084800     0.166464
       0.208000    -0.095710     0.150833
       0.209000    -0.105957     0.134157
       0.210000    -0.115367     0.116422
       0.211000    -0.123742     0.097642
       0.212000    -0.130870     0.077879
       0.213000    -0.136535     0.057245
       0.214000    -0.140539     0.035914
       0.215000    -0.142726     0.014119
       0.216000    -0.143002    -0.007865
       0.217000    -0.141357    -0.029744
       0.218000    -0.137860    -0.051232
       0.219000    -0.132652    -0.072085
       0.220000    -0.125923    -0.092111
       0.221000    -0.117884    -0.111180
       0.222000    -0.108752    -0.129217
       0.223000    -0.098728    -0.146195
       0.224000    -0.087994    -0.162121
       0.225000    -0.076707    -0.177028
       0.226000    -0.064999    -0.190962
       0.227000    -0.052977    -0.203977
       0.228000    -0.040733    -0.216132
       0.229000    -0.028337    -0.227485
       0.230000    -0.015848    -0.238092
       0.231000    -0.003313    -0.248008
       0.232000     0.009230    -0.257282
       0.233000     0.021752    -0.265961
       0.234000     0.034229    -0.274087
       0.235000     0.046642    -0.281700
       0.236000     0.058976    -0.288835
       0.237000     0.071218    -0.295525
       0.238000     0.083361    -0.301799
       0.239000     0.095397    -0.307686
       0.240000     0.107319    -0.313209
       0.241000     0.119125    -0.318391
       0.242000     0.130812    -0.323253
       0.243000     0.142376    -0.327815
       0.244000     0.153818    -0.332093
       0.245000     0.165135    -0.336103
       0.246000     0.176329    -0.339861
       0.247000     0.187398    -0.343380
       0.248000     0.198344    -0.346672
       0.249000     0.209167    -0.349750
       0.250000     0.219868    -0.352623
       0.251000     0.230448    -0.355303
       0.252000     0.240908    -0.357798
       0.253000     0.251250    -0.360117
       0.254000     0.261474    -0.362267
       0.255000     0.271583    -0.364258
       0.256000     0.281577    -0.366095
       0.257000     0.291459    -0.367786
       0.258000     0.301229    -0.369336
       0.259000     0.310889    -0.370751
       0.260000     0.320442    -0.372037
       0.261000     0.329887    -0.373199
       0.262000     0.339227    -0.374242
       0.263000     0.348462    -0.375170
       0.264000     0.357596    -0.375988
       0.265000     0.366628    -0.376700
       0.266000     0.375561    -0.377309
       0.267000     0.384395    -0.377820
       0.268000     0.393133    -0.378235
       0.269000     0.401775    -0.378558
       0.270000     0.410323    -0.378793
       0.271000     0.418777    -0.378941
       0.272000     0.427140    -0.379007
       0.273000     0.435412    -0.378992
       0.274000     0.443595    -0.378899
       0.275000     0.451690    -0.378731
       0.276000     0.459698    -0.378490
       0.277000     0.467619    -0.378179
       0.278000     0.475456    -0.377798
       0.279000     0.483209    -0.377351
       0.280000     0.490880    -0.376840
       0.281000     0.498468    -0.376265
       0.282000     0.505976    -0.375630
       0.283000     0.513404    -0.374935
       0.284000     0.520753    -0.374183
       0.285000     0.528024    -0.373375
       0.286000     0.535218    -0.372512
       0.287000     0.542335    -0.371596
       0.288000     0.549378    -0.370629
       0.289000     0.556346    -0.369611
       0.290000     0.563240    -0.368545
       0.291000     0.570061    -0.367430
       0.292000     0.576810    -0.366269
       0.293000     0.583488    -0.365063
       0.294000     0.590095    -0.363813
       0.295000     0.596632    -0.362519
       0.296000     0.603100    -0.361184
       0.297000     0.609500    -0.359807
       0.298000     0.615831    -0.358390
       0.299000     0.622095    -0.356935
       0.300000     0.628293    -0.355441
       0.301000     0.634425    -0.353909
       0.302000     0.640492    -0.352342
       0.303000     0.646493    -0.350738
       0.304000     0.652431    -0.349100
       0.305000     0.658305    -0.347428
       0.306000     0.664116    -0.345723
       0.307000     0.669865    -0.343985
       0.308000     0.675551    -0.342215
       0.309000     0.681177    -0.340414
       0.310000     0.686741    -0.338583
       0.311000     0.692245    -0.336722
       0.312000     0.697689    -0.334832
       0.313000     0.703073    -0.332913
       0.314000     0.708399    -0.330966
       0.315000     0.713666    -0.328992
       0.316000     0.718875    -0.326992
       0.317000     0.724027    -0.324965
       0.318000     0.729121    -0.322912
       0.319000     0.734158    -0.320834
       0.320000     0.739140    -0.318732
       0.321000     0.744065    -0.316606
       0.322000     0.748934    -0.314455
       0.323000     0.753749    -0.312282
       0.324000     0.758509    -0.310086
       0.325000     0.763214    -0.307868
       0.326000     0.767865    -0.305628
       0.327000     0.772463    -0.303366
       0.328000     0.777007    -0.301084
       0.329000     0.781498    -0.298781
       0.330000     0.785936    -0.296458
       0.331000     0.790322    -0.294115
       0.332000     0.794656    -0.291753
       0.333000     0.798939    -0.289372
       0.334000     0.803170    -0.286972
       0.335000     0.807350    -0.284554
       0.336000     0.811479    -0.282118
       0.337000     0.815557    -0.279665
       0.338000     0.819585    -0.277194
       0.339000     0.823564    -0.274706
       0.340000     0.827492    -0.272202
       0.341000     0.831372    -0.269682
       0.342000     0.835202    -0.267145
       0.343000     0.838983    -0.264593
       0.344000     0.842715    -0.262026
       0.345000     0.846399    -0.259443
       0.346000     0.850035    -0.256846
       0.347000     0.853623    -0.254234
       0.348000     0.857164    -0.251609
       0.349000     0.860656    -0.248969
       0.350000     0.864102    -0.246315
       0.351000     0.867501    -0.243648
       0.352000     0.870852    -0.240968
       0.353000     0.874158    -0.238275
       0.354000     0.877416    -0.235570
       0.355000     0.880629    -0.232852
       0.356000     0.883795    -0.230122
       0.357000     0.886916    -0.227380
       0.358000     0.889991    -0.224626
       0.359000     0.893021    -0.221861
       0.360000     0.896006    -0.219084
       0.361000     0.898945    -0.216297
       0.362000     0.901839    -0.213498
       0.363000     0.904689    -0.210689
       0.364000     0.907494    -0.207870
       0.365000     0.910255    -0.205041
       0.366000     0.912972    -0.202201
       0.367000     0.915644    -0.199352
       0.368000     0.918273    -0.196493
       0.369000     0.920858    -0.193625
       0.370000     0.923399    -0.190748
       0.371000     0.925896    -0.187862
       0.372000     0.928351    -0.184967
       0.373000     0.930762    -0.182063
       0.374000     0.933130    -0.179151
       0.375000     0.935455    -0.176231
       0.376000     0.937737    -0.173302
       0.377000     0.939977    -0.170366
       0.378000     0.942174    -0.167422
       0.379000     0.944328    -0.164470
       0.380000     0.946441    -0.161511
       0.381000     0.948511    -0.158545
       0.382000     0.950539    -0.155572
       0.383000     0.952525    -0.152592
       0.384000     0.954469    -0.149605
       0.385000     0.956371    -0.146612
       0.386000     0.958231    -0.143612
       0.387000     0.960050    -0.140606
       0.388000     0.961828    -0.137594
       0.389000     0.963564    -0.134577
       0.390000     0.965259    -0.131553
       0.391000     0.966912    -0.128524
       0.392000     0.968525    -0.125489
       0.393000     0.970096    -0.122449
       0.394000     0.971627    -0.119403
       0.395000     0.973116    -0.116353
       0.396000     0.974565    -0.113298
       0.397000     0.975973    -0.110238
       0.398000     0.977340    -0.107174
       0.399000     0.978667    -0.104105
       0.400000     0.979953    -0.101031
       0.401000     0.981199    -0.097954
       0.402000     0.982404    -0.094873
       0.403000     0.983569    -0.091787
       0.404000     0.984694    -0.088698
       0.405000     0.985778    -0.085605
       0.406000     0.986823    -0.082509
       0.407000     0.987827    -0.079410
       0.408000     0.988791    -0.076307
       0.409000     0.989715    -0.073201
       0.410000     0.990599    -0.070092
       0.411000     0.991444    -0.066980
       0.412000     0.992248    -0.063866
       0.413000     0.993012    -0.060749
       0.414000     0.993737    -0.057630
       0.415000     0.994422    -0.054508
       0.416000     0.995067    -0.051384
       0.417000     0.995672    -0.048258
       0.418000     0.996238    -0.045130
       0.419000     0.996764    -0.042001
       0.420000     0.997251    -0.038869
       0.421000     0.997698    -0.035737
       0.422000     0.998105    -0.032602
       0.423000     0.998473    -0.029467
       0.424000     0.998801    -0.026330
       0.425000     0.999089    -0.023192
       0.426000     0.999338    -0.020054
       0.427000     0.999548    -0.016914
       0.428000     0.999718    -0.013774
       0.429000     0.999849    -0.010633
       0.430000     0.999940    -0.007492
       0.431000     0.999991    -0.004351
       0.432000     1.000004    -0.001209
       0.433000     0.999976     0.001932
       0.434000     0.999910     0.005074
       0.435000     0.999803     0.008215
       0.436000     0.999658     0.011356
       0.437000     0.999472     0.014497
       0.438000     0.999247     0.017637
       0.439000     0.998983     0.020776
       0.440000     0.998679     0.023914
       0.441000     0.998336     0.027052
       0.442000     0.997953     0.030188
       0.443000     0.997531     0.033324
       0.444000     0.997068     0.036458
       0.445000     0.996567     0.039590
       0.446000     0.996025     0.042721
       0.447000     0.995444     0.045850
       0.448000     0.994823     0.048978
       0.449000     0.994163     0.052103
       0.450000     0.993462     0.055226
       0.451000     0.992722     0.058347
       0.452000     0.991942     0.061466
       0.453000     0.991122     0.064583
       0.454000     0.990263     0.067696
       0.455000     0.989363     0.070807
       0.456000     0.988423     0.073915
       0.457000     0.987443     0.077020
       0.458000     0.986423     0.080122
       0.459000     0.985363     0.083221
       0.460000     0.984262     0.086316
       0.461000     0.983122     0.089408
       0.462000     0.981940     0.092496
       0.463000     0.980719     0.095581
       0.464000     0.979457     0.098661
       0.465000     0.978155     0.101737
       0.466000     0.976812     0.104809
       0.467000     0.975428     0.107877
       0.468000     0.974003     0.110940
       0.469000     0.972538     0.113999
       0.470000     0.971032     0.117053
       0.471000     0.969485     0.120101
       0.472000     0.967896     0.123145
       0.473000     0.966267     0.126184
       0.474000     0.964596     0.129217
       0.475000     0.962885     0.132244
       0.476000     0.961131     0.135266
       0.477000     0.959336     0.138282
       0.478000     0.957500     0.141292
       0.479000     0.955622     0.144296
       0.480000     0.953702     0.147294
       0.481000     0.951740     0.150285
       0.482000     0.949737     0.153269
       0.483000     0.947691     0.156247
       0.484000     0.945603     0.159218
       0.485000     0.943472     0.162181
       0.486000     0.941299     0.165138
       0.487000     0.939084     0.168087
       0.488000     0.936826     0.171028
       0.489000     0.934525     0.173961
       0.490000     0.932181     0.176886
       0.491000     0.929794     0.179804
       0.492000     0.927363     0.182713
       0.493000     0.924890     0.185613
       0.494000     0.922373     0.188504
       0.495000     0.919812     0.191387
       0.496000     0.917207     0.194261
       0.497000     0.914559     0.197125
       0.498000     0.911866     0.199980
       0.499000     0.909129     0.202825
       0.500000     0.906348     0.205660
       0.501000     0.903522     0.208485
       0.502000     0.900652     0.211299
       0.503000     0.897736     0.214104
       0.504000     0.894776     0.216897
       0.505000     0.891770     0.219679
       0.506000     0.888719     0.222451
       0.507000     0.885622     0.225210
       0.508000     0.882479     0.227959
       0.509000     0.879291     0.230695
       0.510000     0.876056     0.233419
       0.511000     0.872774     0.236131
       0.512000     0.869446     0.238830
       0.513000     0.866072     0.241516
       0.514000     0.862650     0.244189
       0.515000     0.859181     0.246849
       0.516000     0.855664     0.249495
       0.517000     0.852100     0.252128
       0.518000     0.848488     0.254746
       0.519000     0.844827     0.257349
       0.520000     0.841119     0.259938
       0.521000     0.837361     0.262512
       0.522000     0.833555     0.265071
       0.523000     0.829699     0.267613
       0.524000     0.825794     0.270140
       0.525000     0.821840     0.272651
       0.526000     0.817835     0.275145
       0.527000     0.813780     0.277622
       0.528000     0.809675     0.280082
       0.529000     0.805518     0.282524
       0.530000     0.801311     0.284949
       0.531000     0.797052     0.287355
       0.532000     0.792742     0.289742
       0.533000     0.788379     0.292111
       0.534000     0.783964     0.294460
       0.535000     0.779496     0.296789
       0.536000     0.774976     0.299098
       0.537000     0.770402     0.301387
       0.538000     0.765774     0.303654
       0.539000     0.761092     0.305900
       0.540000     0.756355     0.308124
       0.541000     0.751564     0.310326
       0.542000     0.746718     0.312505
       0.543000     0.741816     0.314661
       0.544000     0.736858     0.316793
       0.545000     0.731844     0.318900
       0.546000     0.726773     0.320983
       0.547000     0.721645     0.323041
       0.548000     0.716459     0.325073
       0.549000     0.711215     0.327079
       0.550000     0.705912     0.329057
       0.551000     0.700551     0.331008
       0.552000     0.695130     0.332931
       0.553000     0.689649     0.334826
       0.554000     0.684108     0.336691
       0.555000     0.678505     0.338526
       0.556000     0.672842     0.340330
       0.557000     0.667116     0.342103
       0.558000     0.661328     0.343844
       0.559000     0.655477     0.345553
       0.560000     0.649562     0.347227
       0.561000     0.643583     0.348868
       0.562000     0.637539     0.350473
       0.563000     0.631430     0.352042
       0.564000     0.625255     0.353575
       0.565000     0.619013     0.355070
       0.566000     0.612704     0.356526
       0.567000     0.606327     0.357943
       0.568000     0.599882     0.359319
       0.569000     0.593367     0.360654
       0.570000     0.586783     0.361946
       0.571000     0.580127     0.363195
       0.572000     0.573401     0.364399
       0.573000     0.566602     0.365557
       0.574000     0.559730     0.366668
       0.575000     0.552784     0.367731
       0.576000     0.545764     0.368744
       0.577000     0.538668     0.369706
       0.578000     0.531496     0.370616
       0.579000     0.524247     0.371472
       0.580000     0.516920     0.372273
       0.581000     0.509514     0.373017
       0.582000     0.502028     0.373702
       0.583000     0.494462     0.374327
       0.584000     0.486813     0.374891
       0.585000     0.479082     0.375390
       0.586000     0.471266     0.375824
       0.587000     0.463366     0.376190
       0.588000     0.455380     0.376486
       0.589000     0.447306     0.376710
       0.590000     0.439145     0.376860
       0.591000     0.430893     0.376933
       0.592000     0.422551     0.376927
       0.593000     0.414118     0.376838
       0.594000     0.405591     0.376665
       0.595000     0.396970     0.376404
       0.596000     0.388252     0.376053
       0.597000     0.379438     0.375607
       0.598000     0.370526     0.375064
       0.599000     0.361514     0.374420
       0.600000     0.352400     0.373672
       0.601000     0.343184     0.372814
       0.602000     0.333863     0.371843
       0.603000     0.324437     0.370755
       0.604000     0.314904     0.369544
       0.605000     0.305263     0.368205
       0.606000     0.295511     0.366734
       0.607000     0.285647     0.365124
       0.608000     0.275670     0.363370
       0.609000     0.265579     0.361464
       0.610000     0.255371     0.359401
       0.611000     0.245046     0.357171
       0.612000     0.234602     0.354768
       0.613000     0.224037     0.352184
       0.614000     0.213351     0.349408
       0.615000     0.202542     0.346430
       0.616000     0.191609     0.343242
       0.617000     0.180552     0.339830
       0.618000     0.169369     0.336183
       0.619000     0.158062     0.332287
       0.620000     0.146629     0.328127
       0.621000     0.135071     0.323689
       0.622000     0.123390     0.318954
       0.623000     0.111587     0.313905
       0.624000     0.099665     0.308521
       0.625000     0.087627     0.302779
       0.626000     0.075479     0.296655
       0.627000     0.063227     0.290123
       0.628000     0.050880     0.283154
       0.629000     0.038448     0.275715
       0.630000     0.025946     0.267772
       0.631000     0.013391     0.259285
       0.632000     0.000806     0.250214
       0.633000    -0.011781     0.240512
       0.634000    -0.024334     0.230131
       0.635000    -0.036810     0.219016
       0.636000    -0.049154     0.207111
       0.637000    -0.061296     0.194359
       0.638000    -0.073152     0.180701
       0.639000    -0.084619     0.166080
       0.640000    -0.095569     0.150446
       0.641000    -0.105854     0.133763
       0.642000    -0.115296     0.116016
       0.643000    -0.123698     0.097223
       0.644000    -0.130846     0.077444
       0.645000    -0.136525     0.056795
       0.646000    -0.140537     0.035453
       0.647000    -0.142726     0.013651
       0.648000    -0.143004    -0.008334
       0.649000    -0.141361    -0.030207
       0.650000    -0.137870    -0.051685
       0.651000    -0.132674    -0.072524
       0.652000    -0.125964    -0.092534
       0.653000    -0.117950    -0.111588
       0.654000    -0.108849    -0.129613
       0.655000    -0.098862    -0.146582
       0.656000    -0.088168    -0.162505
       0.657000    -0.076924    -0.177412
       0.658000    -0.065260    -0.191351
       0.659000    -0.053284    -0.204375
       0.660000    -0.041085    -0.216543
       0.661000    -0.028734    -0.227913
       0.662000    -0.016289    -0.238540
       0.663000    -0.003798    -0.248478
       0.664000     0.008703    -0.257778
       0.665000     0.021184    -0.266484
       0.666000     0.033622    -0.274639
       0.667000     0.045996    -0.282283
       0.668000     0.058293    -0.289450
       0.669000     0.070501    -0.296173
       0.670000     0.082610    -0.302482
       0.671000     0.094613    -0.308404
       0.672000     0.106505    -0.313963
       0.673000     0.118282    -0.319182
       0.674000     0.129940    -0.324081
       0.675000     0.141478    -0.328680
       0.676000     0.152894    -0.332995
       0.677000     0.164187    -0.337044
       0.678000     0.175357    -0.340839
       0.679000     0.186404    -0.344396
       0.680000     0.197329    -0.347727
       0.681000     0.208132    -0.350842
       0.682000     0.218813    -0.353754
       0.683000     0.229375    -0.356472
       0.684000     0.239818    -0.359005
       0.685000     0.250143    -0.361361
       0.686000     0.260352    -0.363550
       0.687000     0.270446    -0.365578
       0.688000     0.280426    -0.367453
       0.689000     0.290294    -0.369181
       0.690000     0.300052    -0.370768
       0.691000     0.309700    -0.372220
       0.692000     0.319241    -0.373543
       0.693000     0.328676    -0.374741
       0.694000     0.338005    -0.375820
       0.695000     0.347232    -0.376784
       0.696000     0.356356    -0.377638
       0.697000     0.365380    -0.378385
       0.698000     0.374305    -0.379029
       0.699000     0.383132    -0.379575
       0.700000     0.391863    -0.380025
       0.701000     0.400499    -0.380382
       0.702000     0.409041    -0.380651
       0.703000     0.417490    -0.380833
       0.704000     0.425848    -0.380932
       0.705000     0.434115    -0.380951
       0.706000     0.442294    -0.380891
       0.707000     0.450385    -0.380756
       0.708000     0.458389    -0.380547
       0.709000     0.466308    -0.380268
       0.710000     0.474142    -0.379919
       0.711000     0.481893    -0.379504
       0.712000     0.489562    -0.379024
       0.713000     0.497148    -0.378481
       0.714000     0.504655    -0.377876
       0.715000     0.512082    -0.377212
       0.716000     0.519430    -0.376490
       0.717000     0.526701    -0.375712
       0.718000     0.533895    -0.374879
       0.719000     0.541013    -0.373992
       0.720000     0.548056    -0.373054
       0.721000     0.555024    -0.372065
       0.722000     0.561920    -0.371027
       0.723000     0.568742    -0.369941
       0.724000     0.575493    -0.368809
       0.725000     0.582172    -0.367630
       0.726000     0.588781    -0.366407
       0.727000     0.595321    -0.365141
       0.728000     0.601791    -0.363833
       0.729000     0.608193    -0.362483
       0.730000     0.614528    -0.361093
       0.731000     0.620795    -0.359663
       0.732000     0.626996    -0.358195
       0.733000     0.633132    -0.356690
       0.734000     0.639202    -0.355148
       0.735000     0.645208    -0.353570
       0.736000     0.651149    -0.351957
       0.737000     0.657028    -0.350309
       0.738000     0.662843    -0.348628
       0.739000     0.668596    -0.346915
       0.740000     0.674288    -0.345169
       0.741000     0.679918    -0.343392
       0.742000     0.685488    -0.341584
       0.743000     0.690997    -0.339747
       0.744000     0.696446    -0.337880
       0.745000     0.701836    -0.335984
       0.746000     0.707168    -0.334060
       0.747000     0.712441    -0.332108
       0.748000     0.717656    -0.330130
       0.749000     0.722814    -0.328125
       0.750000     0.727914    -0.326094
       0.751000     0.732958    -0.324038
       0.752000     0.737946    -0.321956
       0.753000     0.742878    -0.319851
       0.754000     0.747754    -0.317722
       0.755000     0.752576    -0.315569
       0.756000     0.757343    -0.313393
       0.757000     0.762055    -0.311195
       0.758000     0.766714    -0.308975
       0.759000     0.771319    -0.306733
       0.760000     0.775870    -0.304470
       0.761000     0.780369    -0.302187
       0.762000     0.784815    -0.299883
       0.763000     0.789209    -0.297559
       0.764000     0.793551    -0.295215
       0.765000     0.797842    -0.292852
       0.766000     0.802081    -0.290471
       0.767000     0.806269    -0.288070
       0.768000     0.810406    -0.285652
       0.769000     0.814493    -0.283216
       0.770000     0.818530    -0.280763
       0.771000     0.822517    -0.278292
       0.772000     0.826455    -0.275805
       0.773000     0.830343    -0.273301
       0.774000     0.834182    -0.270781
       0.775000     0.837972    -0.268246
       0.776000     0.841713    -0.265694
       0.777000     0.845407    -0.263128
       0.778000     0.849052    -0.260546
       0.779000     0.852649    -0.257950
       0.780000     0.856199    -0.255339
       0.781000     0.859701    -0.252715
       0.782000     0.863156    -0.250076
       0.783000     0.866565    -0.247424
       0.784000     0.869926    -0.244758
       0.785000     0.873241    -0.242079
       0.786000     0.876509    -0.239388
       0.787000     0.879732    -0.236684
       0.788000     0.882908    -0.233967
       0.789000     0.886039    -0.231239
       0.790000     0.889124    -0.228498
       0.791000     0.892164    -0.225746
       0.792000     0.895159    -0.222983
       0.793000     0.898109    -0.220208
       0.794000     0.901013    -0.217422
       0.795000     0.903874    -0.214626
       0.796000     0.906689    -0.211818
       0.797000     0.909461    -0.209001
       0.798000     0.912188    -0.206173
       0.799000     0.914871    -0.203336
       0.800000     0.917510    -0.200488
       0.801000     0.920105    -0.197631
       0.802000     0.922657    -0.194765
       0.803000     0.925166    -0.191890
       0.804000     0.927631    -0.189005
       0.805000     0.930053    -0.186112
       0.806000     0.932432    -0.183210
       0.807000     0.934768    -0.180300
       0.808000     0.937061    -0.177382
       0.809000     0.939312    -0.174455
       0.810000     0.941520    -0.171521
       0.811000     0.943686    -0.168578
       0.812000     0.945809    -0.165629
       0.813000     0.947890    -0.162672
       0.814000     0.949930    -0.159707
       0.815000     0.951927    -0.156736
       0.816000     0.953882    -0.153757
       0.817000     0.955796    -0.150772
       0.818000     0.957668    -0.147781
       0.819000     0.959498    -0.144783
       0.820000     0.961287    -0.141779
       0.821000     0.963035    -0.138768
       0.822000     0.964741    -0.135752
       0.823000     0.966406    -0.132730
       0.824000     0.968030    -0.129702
       0.825000     0.969613    -0.126669
       0.826000     0.971155    -0.123630
       0.827000     0.972657    -0.120586
       0.828000     0.974117    -0.117538
       0.829000     0.975537    -0.114484
       0.830000     0.976916    -0.111425
       0.831000     0.978254    -0.108362
       0.832000     0.979552    -0.105295
       0.833000     0.980810    -0.102223
       0.834000     0.982027    -0.099146
       0.835000     0.983204    -0.096066
       0.836000     0.984341    -0.092982
       0.837000     0.985437    -0.089894
       0.838000     0.986493    -0.086802
       0.839000     0.987509    -0.083707
       0.840000     0.988485    -0.080608
       0.841000     0.989421    -0.077507
       0.842000     0.990318    -0.074402
       0.843000     0.991174    -0.071294
       0.844000     0.991990    -0.068183
       0.845000     0.992767    -0.065069
       0.846000     0.993503    -0.061953
       0.847000     0.994200    -0.058834
       0.848000     0.994857    -0.055713
       0.849000     0.995475    -0.052590
       0.850000     0.996053    -0.049465
       0.851000     0.996591    -0.046337
       0.852000     0.997090    -0.043208
       0.853000     0.997549    -0.040077
       0.854000     0.997968    -0.036945
       0.855000     0.998348    -0.033811
       0.856000     0.998688    -0.030676
       0.857000     0.998989    -0.027539
       0.858000     0.999250    -0.024402
       0.859000     0.999472    -0.021263
       0.860000     0.999654    -0.018124
       0.861000     0.999797    -0.014984
       0.862000     0.999900    -0.011843
       0.863000     0.999964    -0.008702
       0.864000     0.999988    -0.005560
       0.865000     0.999973    -0.002419
       0.866000     0.999919     0.000723
       0.867000     0.999824     0.003865
       0.868000     0.999691     0.007007
       0.869000     0.999518     0.010148
       0.870000     0.999305     0.013289
       0.871000     0.999053     0.016429
       0.872000     0.998761     0.019569
       0.873000     0.998430     0.022708
       0.874000     0.998059     0.025846
       0.875000     0.997649     0.028983
       0.876000     0.997199     0.032119
       0.877000     0.996709     0.035254
       0.878000     0.996180     0.038387
       0.879000     0.995611     0.041519
       0.880000     0.995002     0.044649
       0.881000     0.994354     0.047777
       0.882000     0.993666     0.050904
       0.883000     0.992937     0.054028
       0.884000     0.992170     0.057150
       0.885000     0.991362     0.060270
       0.886000     0.990514     0.063387
       0.887000     0.989626     0.066502
       0.888000     0.988698     0.069614
       0.889000     0.987730     0.072724
       0.890000     0.986722     0.075830
       0.891000     0.985674     0.078933
       0.892000     0.984585     0.082034
       0.893000     0.983457     0.085130
       0.894000     0.982287     0.088223
       0.895000     0.981078     0.091313
       0.896000     0.979828     0.094399
       0.897000     0.978537     0.097481
       0.898000     0.977206     0.100559
       0.899000     0.975834     0.103632
       0.900000     0.974421     0.106702
       0.901000     0.972968     0.109767
       0.902000     0.971473     0.112827
       0.903000     0.969938     0.115882
       0.904000     0.968361     0.118933
       0.905000     0.966743     0.121979
       0.906000     0.965084     0.125019
       0.907000     0.963384     0.128054
       0.908000     0.961642     0.131083
       0.909000     0.959859     0.134107
       0.910000     0.958034     0.137125
       0.911000     0.956167     0.140137
       0.912000     0.954259     0.143143
       0.913000     0.952309     0.146143
       0.914000     0.950316     0.149136
       0.915000     0.948282     0.152122
       0.916000     0.946205     0.155102
       0.917000     0.944086     0.158075
       0.918000     0.941924     0.161041
       0.919000     0.939720     0.163999
       0.920000     0.937472     0.166950
       0.921000     0.935183     0.169894
       0.922000     0.932850     0.172829
       0.923000     0.930474     0.175757
       0.924000     0.928054     0.178676
       0.925000     0.925592     0.181587
       0.926000     0.923085     0.184489
       0.927000     0.920535     0.187383
       0.928000     0.917942     0.190268
       0.929000     0.915304     0.193144
       0.930000     0.912622     0.196010
       0.931000     0.909896     0.198867
       0.932000     0.907125     0.201714
       0.933000     0.904310     0.204551
       0.934000     0.901450     0.207378
       0.935000     0.898545     0.210195
       0.936000     0.895594     0.213001
       0.937000     0.892599     0.215797
       0.938000     0.889558     0.218581
       0.939000     0.886471     0.221354
       0.940000     0.883339     0.224116
       0.941000     0.880160     0.226866
       0.942000     0.876935     0.229604
       0.943000     0.873664     0.232330
       0.944000     0.870345     0.235043
       0.945000     0.866980     0.237744
       0.946000     0.863568     0.240432
       0.947000     0.860109     0.243107
       0.948000     0.856602     0.245768
       0.949000     0.853047     0.248416
       0.950000     0.849444     0.251050
       0.951000     0.845793     0.253669
       0.952000     0.842094     0.256274
       0.953000     0.838346     0.258864
       0.954000     0.834548     0.261439
       0.955000     0.830702     0.263998
       0.956000     0.826806     0.266542
       0.957000     0.822860     0.269069
       0.958000     0.818864     0.271581
       0.959000     0.814818     0.274075
       0.960000     0.810721     0.276553
       0.961000     0.806573     0.279013
       0.962000     0.802374     0.281455
       0.963000     0.798123     0.283880
       0.964000     0.793821     0.286286
       0.965000     0.789467     0.288673
       0.966000     0.785060     0.291041
       0.967000     0.780600     0.293389
       0.968000     0.776087     0.295717
       0.969000     0.771520     0.298025
       0.970000     0.766900     0.300313
       0.971000     0.762226     0.302579
       0.972000     0.757497     0.304823
       0.973000     0.752713     0.307045
       0.974000     0.747873     0.309245
       0.975000     0.742978     0.311421
       0.976000     0.738027     0.313575
       0.977000     0.733020     0.315704
       0.978000     0.727955     0.317808
       0.979000     0.722833     0.319888
       0.980000     0.717654     0.321942
       0.981000     0.712416     0.323970
       0.982000     0.707119     0.325971
       0.983000     0.701764     0.327945
       0.984000     0.696348     0.329891
       0.985000     0.690873     0.331808
       0.986000     0.685337     0.333697
       0.987000     0.679740     0.335556
       0.988000     0.674081     0.337384
       0.989000     0.668361     0.339181
       0.990000     0.662577     0.340947
       0.991000     0.656731     0.342680
       0.992000     0.650820     0.344379
       0.993000     0.644845     0.346045
       0.994000     0.638806     0.347676
       0.995000     0.632700     0.349271
       0.996000     0.626529     0.350829
       0.997000     0.620291     0.352350
       0.998000     0.613985     0.353833
       0.999000     0.607611     0.355277