
       0.000000     0.000000     1.000000
       0.000000     0.050000     1.050000
       0.010000     0.100000     1.099020
       0.020000     0.150000     1.147060
       0.030000     0.200000     1.194120
       0.040000     0.250000     1.240200
       0.050000     0.300000     1.285300
       0.060000     0.350000     1.329420
       0.070000     0.400000     1.372560
       0.080000     0.450000     1.414720
       0.090000     0.500000     1.455900
       0.100000     0.550000     1.496100
       0.110000     0.600000     1.535320
       0.120000     0.650000     1.573560
       0.130000     0.700000     1.610820
       0.140000     0.750000     1.647100
       0.150000     0.800000     1.682400
       0.160000     0.850000     1.716720
       0.170000     0.900000     1.750060
       0.180000     0.950000     1.782420
       0.190000     1.000000     1.813800
       0.200000     1.050000     1.844200
       0.210000     1.100000     1.873620
       0.220000     1.150000     1.902060
       0.230000     1.200000     1.929520
       0.240000     1.250000     1.956000
       0.250000     1.300000     1.981500
       0.260000     1.350000     2.006020
       0.270000     1.400000     2.029560
       0.280000     1.450000     2.052120
       0.290000     1.500000     2.073700
       0.300000     1.550000     2.094300
       0.310000     1.600000     2.113920
       0.320000     1.650000     2.132560
       0.330000     1.700000     2.150220
       0.340000     1.750000     2.166900
       0.350000     1.800000     2.182600
       0.360000     1.850000     2.197320
       0.370000     1.900000     2.211060
       0.380000     1.950000     2.223820
       0.390000     2.000000     2.235600
       0.400000     2.050000     2.246400
       0.410000     2.100000     2.256220
       0.420000     2.150000     2.265060
       0.430000     2.200000     2.272920
       0.440000     2.250000     2.279800
       0.450000     2.300000     2.285700
       0.460000     2.350000     2.290620
       0.470000     2.400000     2.294560
       0.480000     2.450000     2.297520
       0.490000     2.500000     2.299500
       0.500000     2.550000     2.300500
       0.510000     2.600000     2.300520
       0.520000     2.650000     2.299560
       0.530000     2.700000     2.297620
       0.540000     2.750000     2.294700
       0.550000     2.800000     2.290800
       0.560000     2.850000     2.285920
       0.570000     2.900000     2.280060
       0.580000     2.950000     2.273220
       0.590000     3.000000     2.265400
       0.600000     3.050000     2.256600
       0.610000     3.100000     2.246820
       0.620000     3.150000     2.236060
       0.630000     3.200000     2.224320
       0.640000     3.250000     2.211600
       0.650000     3.300000     2.197900
       0.660000     3.350000     2.183220
       0.670000     3.400000     2.167560
       0.680000     3.450000     2.150920
       0.690000     3.500000     2.133300
       0.700000     3.550000     2.114700
       0.710000     3.600000     2.095120
       0.720000     3.650000     2.074560
       0.730000     3.700000     2.053020
       0.740000     3.750000     2.030500
       0.750000     3.800000     2.007000
       0.760000     3.850000     1.982520
       0.770000     3.900000     1.957060
       0.780000     3.950000     1.930620
       0.790000     4.000000     1.903200
       0.800000     4.050000     1.874800
       0.810000     4.100000     1.845420
       0.820000     4.150000     1.815060
       0.830000     4.200000     1.783720
       0.840000     4.250000     1.751400
       0.850000     4.300000     1.718100
       0.860000     4.350000     1.683820
       0.870000     4.400000     1.648560
       0.880000     4.450000     1.612320
       0.890000     4.500000     1.575100
       0.900000     4.550000     1.536900
       0.910000     4.600000     1.497720
       0.920000     4.650000     1.457560
       0.930000     4.700000     1.416420
       0.940000     4.750000     1.374300
       0.950000     4.800000     1.331200
       0.960000     4.850000     1.287120
       0.970000     4.900000     1.242060
       0.980000     4.950000     1.196020
       0.990000     5.000000     1.149000
       1.000000     5.050000     1.101000
       1.010000     5.100000     1.052020
       1.020000     5.150000     1.002060
       1.030000     5.200000     0.951120
       1.040000     5.250000     0.899200
       1.050000     5.300000     0.846300
       1.060000     5.350000     0.792420
       1.070000     5.400000     0.737560
       1.080000     5.450000     0.681720
       1.090000     5.500000     0.624900
       1.100000     5.550000     0.567100
       1.110000     5.600000     0.508320
       1.120000     5.650000     0.448560
       1.130000     5.700000     0.387820
       1.140000     5.750000     0.326100
       1.150000     5.800000     0.263400
       1.160000     5.850000     0.199720
       1.170000     5.900000     0.135060
       1.180000     5.950000     0.069420
       1.190000     6.000000     0.002800
       1.200000     6.050000    -0.064800