    0.000000     1.000000     0.000000
       0.000000     0.999961     0.003142
       0.001000     0.999882     0.006283
       0.002000     0.999763     0.009424
       0.003000     0.999605     0.012565
       0.004000     0.999408     0.015705
       0.005000     0.999171     0.018845
       0.006000     0.998894     0.021984
       0.007000     0.998578     0.025122
       0.008000     0.998223     0.028259
       0.009000     0.997828     0.031395
       0.010000     0.997393     0.034530
       0.011000     0.996919     0.037664
       0.012000     0.996405     0.040795
       0.013000     0.995851     0.043926
       0.014000     0.995258     0.047054
       0.015000     0.994625     0.050181
       0.016000     0.993952     0.053305
       0.017000     0.993239     0.056428
       0.018000     0.992487     0.059548
       0.019000     0.991694     0.062666
       0.020000     0.990862     0.065781
       0.021000     0.989990     0.068894
       0.022000     0.989078     0.072004
       0.023000     0.988126     0.075111
       0.024000     0.987134     0.078215
       0.025000     0.986101     0.081316
       0.026000     0.985029     0.084413
       0.027000     0.983916     0.087507
       0.028000     0.982763     0.090597
       0.029000     0.981569     0.093684
       0.030000     0.980335     0.096767
       0.031000     0.979061     0.099846
       0.032000     0.977746     0.102920
       0.033000     0.976390     0.105991
       0.034000     0.974994     0.109057
       0.035000     0.973557     0.112118
       0.036000     0.972079     0.115175
       0.037000     0.970561     0.118227
       0.038000     0.969001     0.121274
       0.039000     0.967400     0.124315
       0.040000     0.965758     0.127352
       0.041000     0.964075     0.130383
       0.042000     0.962350     0.133408
       0.043000     0.960584     0.136428
       0.044000     0.958777     0.139442
       0.045000     0.956928     0.142450
       0.046000     0.955037     0.145451
       0.047000     0.953104     0.148446
       0.048000     0.951130     0.151435
       0.049000     0.949113     0.154417
       0.050000     0.947054     0.157392
       0.051000     0.944953     0.160360
       0.052000     0.942810     0.163321
       0.053000     0.940624     0.166274
       0.054000     0.938395     0.169220
       0.055000     0.936124     0.172158
       0.056000     0.933810     0.175089
       0.057000     0.931453     0.178011
       0.058000     0.929053     0.180925
       0.059000     0.926609     0.183831
       0.060000     0.924123     0.186728
       0.061000     0.921592     0.189616
       0.062000     0.919018     0.192496
       0.063000     0.916400     0.195366
       0.064000     0.913739     0.198226
       0.065000     0.911033     0.201077
       0.066000     0.908282     0.203919
       0.067000     0.905488     0.206750
       0.068000     0.902648     0.209571
       0.069000     0.899764     0.212382
       0.070000     0.896835     0.215182
       0.071000     0.893861     0.217972
       0.072000     0.890841     0.220750
       0.073000     0.887776     0.223517
       0.074000     0.884666     0.226273
       0.075000     0.881509     0.229016
       0.076000     0.878306     0.231748
       0.077000     0.875058     0.234468
       0.078000     0.871762     0.237175
       0.079000     0.868420     0.239870
       0.080000     0.865031     0.242551
       0.081000     0.861595     0.245219
       0.082000     0.858112     0.247874
       0.083000     0.854581     0.250515
       0.084000     0.851003     0.253143
       0.085000     0.847376     0.255755
       0.086000     0.843701     0.258354
       0.087000     0.839978     0.260937
       0.088000     0.836206     0.263505
       0.089000     0.832385     0.266058
       0.090000     0.828514     0.268595
       0.091000     0.824594     0.271117
       0.092000     0.820625     0.273621
       0.093000     0.816605     0.276109
       0.094000     0.812535     0.278580
       0.095000     0.808415     0.281034
       0.096000     0.804243     0.283470
       0.097000     0.800021     0.285888
       0.098000     0.795746     0.288287
       0.099000     0.791420     0.290668
       0.100000     0.787042     0.293030
       0.101000     0.782612     0.295372
       0.102000     0.778128     0.297694
       0.103000     0.773592     0.299996
       0.104000     0.769002     0.302277
       0.105000     0.764358     0.304537
       0.106000     0.759660     0.306775
       0.107000     0.754908     0.308991
       0.108000     0.750100     0.311185
       0.109000     0.745237     0.313356
       0.110000     0.740319     0.315504
       0.111000     0.735345     0.317627
       0.112000     0.730314     0.319726
       0.113000     0.725226     0.321801
       0.114000     0.720081     0.323849
       0.115000     0.714878     0.325872
       0.116000     0.709617     0.327869
       0.117000     0.704297     0.329838
       0.118000     0.698918     0.331779
       0.119000     0.693479     0.333693
       0.120000     0.687981     0.335577
       0.121000     0.682422     0.337432
       0.122000     0.676802     0.339257
       0.123000     0.671120     0.341050
       0.124000     0.665376     0.342813
       0.125000     0.659570     0.344542
       0.126000     0.653700     0.346239
       0.127000     0.647766     0.347903
       0.128000     0.641769     0.349531
       0.129000     0.635706     0.351124
       0.130000     0.629578     0.352681
       0.131000     0.623384     0.354201
       0.132000     0.617122     0.355684
       0.133000     0.610794     0.357127
       0.134000     0.604397     0.358530
       0.135000     0.597932     0.359893
       0.136000     0.591397     0.361214
       0.137000     0.584792     0.362492
       0.138000     0.578116     0.363726
       0.139000     0.571369     0.364915
       0.140000     0.564549     0.366057
       0.141000     0.557656     0.367153
       0.142000     0.550689     0.368199
       0.143000     0.543647     0.369196
       0.144000     0.536530     0.370141
       0.145000     0.529336     0.371034
       0.146000     0.522065     0.371872
       0.147000     0.514715     0.372654
       0.148000     0.507286     0.373379
       0.149000     0.499778     0.374046
       0.150000     0.492188     0.374651
       0.151000     0.484516     0.375194
       0.152000     0.476760     0.375673
       0.153000     0.468921     0.376085
       0.154000     0.460996     0.376429
       0.155000     0.452986     0.376702
       0.156000     0.444887     0.376903
       0.157000     0.436700     0.377029
       0.158000     0.428423     0.377077
       0.159000     0.420056     0.377045
       0.160000     0.411596     0.376930
       0.161000     0.403042     0.376730
       0.162000     0.394394     0.376441
       0.163000     0.385650     0.376061
       0.164000     0.376808     0.375585
       0.165000     0.367868     0.375011
       0.166000     0.358827     0.374335
       0.167000     0.349685     0.373553
       0.168000     0.340440     0.372661
       0.169000     0.331090     0.371654
       0.170000     0.321635     0.370528
       0.171000     0.312071     0.369279
       0.172000     0.302399     0.367900
       0.173000     0.292616     0.366388
       0.174000     0.282721     0.364734
       0.175000     0.272713     0.362935
       0.176000     0.262589     0.360982
       0.177000     0.252349     0.358869
       0.178000     0.241991     0.356588
       0.179000     0.231514     0.354131
       0.180000     0.220916     0.351490
       0.181000     0.210196     0.348654
       0.182000     0.199353     0.345615
       0.183000     0.188386     0.342361
       0.184000     0.177295     0.338880
       0.185000     0.166078     0.335161
       0.186000     0.154736     0.331188
       0.187000     0.143269     0.326948
       0.188000     0.131678     0.322424
       0.189000     0.119964     0.317598
       0.190000     0.108128     0.312453
       0.191000     0.096175     0.306966
       0.192000     0.084107     0.301115
       0.193000     0.071931     0.294874
       0.194000     0.059653     0.288218
       0.195000     0.047283     0.281115
       0.196000     0.034833     0.273534
       0.197000     0.022316     0.265437
       0.198000     0.009753     0.256786
       0.199000    -0.002832     0.247537
       0.200000    -0.015410     0.237644
       0.201000    -0.027944     0.227056
       0.202000    -0.040385     0.215720
       0.203000    -0.052675     0.203578
       0.204000    -0.064741     0.190572
       0.205000    -0.076495     0.176643
       0.206000    -0.087824     0.161737
       0.207000    -0.098598     0.145806
       0.208000    -0.108658     0.128819
       0.209000    -0.117821     0.110770
       0.210000    -0.125885     0.091687
       0.211000    -0.132633     0.071646
       0.212000    -0.137852     0.050779
       0.213000    -0.141355     0.029280
       0.214000    -0.143003     0.007396
       0.215000    -0.142728    -0.014587
       0.216000    -0.140545    -0.036375
       0.217000    -0.136548    -0.057693
       0.218000    -0.130897    -0.078313
       0.219000    -0.123790    -0.098061
       0.220000    -0.115441    -0.116826
       0.221000    -0.106064    -0.134551
       0.222000    -0.095855    -0.151219
       0.223000    -0.084986    -0.166847
       0.224000    -0.073606    -0.181472
       0.225000    -0.061839    -0.195142
       0.226000    -0.049788    -0.207915
       0.227000    -0.037535    -0.219847
       0.228000    -0.025149    -0.230998
       0.229000    -0.012684    -0.241421
       0.230000    -0.000183    -0.251170
       0.231000     0.012318    -0.260293
       0.232000     0.024792    -0.268835
       0.233000     0.037216    -0.276838
       0.234000     0.049572    -0.284340
       0.235000     0.061847    -0.291374
       0.236000     0.074030    -0.297974
       0.237000     0.086112    -0.304167
       0.238000     0.098086    -0.309979
       0.239000     0.109948    -0.315436
       0.240000     0.121693    -0.320559
       0.241000     0.133319    -0.325368
       0.242000     0.144823    -0.329881
       0.243000     0.156206    -0.334116
       0.244000     0.167466    -0.338088
       0.245000     0.178602    -0.341811
       0.246000     0.189616    -0.345299
       0.247000     0.200507    -0.348564
       0.248000     0.211276    -0.351618
       0.249000     0.221925    -0.354470
       0.250000     0.232454    -0.357131
       0.251000     0.242864    -0.359610
       0.252000     0.253157    -0.361915
       0.253000     0.263334    -0.364055
       0.254000     0.273396    -0.366036
       0.255000     0.283345    -0.367865
       0.256000     0.293183    -0.369549
       0.257000     0.302910    -0.371094
       0.258000     0.312528    -0.372506
       0.259000     0.322039    -0.373790
       0.260000     0.331444    -0.374952
       0.261000     0.340745    -0.375995
       0.262000     0.349942    -0.376924
       0.263000     0.359039    -0.377744
       0.264000     0.368035    -0.378459
       0.265000     0.376932    -0.379072
       0.266000     0.385732    -0.379588
       0.267000     0.394436    -0.380008
       0.268000     0.403045    -0.380338
       0.269000     0.411561    -0.380579
       0.270000     0.419984    -0.380735
       0.271000     0.428316    -0.380808
       0.272000     0.436559    -0.380801
       0.273000     0.444712    -0.380718
       0.274000     0.452779    -0.380559
       0.275000     0.460759    -0.380327
       0.276000     0.468653    -0.380026
       0.277000     0.476464    -0.379656
       0.278000     0.484191    -0.379219
       0.279000     0.491836    -0.378719
       0.280000     0.499400    -0.378155
       0.281000     0.506884    -0.377531
       0.282000     0.514288    -0.376848
       0.283000     0.521614    -0.376108
       0.284000     0.528863    -0.375312
       0.285000     0.536035    -0.374461
       0.286000     0.543131    -0.373558
       0.287000     0.550153    -0.372603
       0.288000     0.557100    -0.371598
       0.289000     0.563975    -0.370544
       0.290000     0.570776    -0.369442
       0.291000     0.577506    -0.368295
       0.292000     0.584166    -0.367101
       0.293000     0.590755    -0.365864
       0.294000     0.597274    -0.364584
       0.295000     0.603725    -0.363261
       0.296000     0.610107    -0.361898
       0.297000     0.616422    -0.360495
       0.298000     0.622670    -0.359052
       0.299000     0.628852    -0.357572
       0.300000     0.634969    -0.356054
       0.301000     0.641020    -0.354499
       0.302000     0.647007    -0.352909
       0.303000     0.652930    -0.351285
       0.304000     0.658790    -0.349626
       0.305000     0.664588    -0.347934
       0.306000     0.670323    -0.346209
       0.307000     0.675996    -0.344453
       0.308000     0.681609    -0.342665
       0.309000     0.687160    -0.340847
       0.310000     0.692652    -0.338999
       0.311000     0.698084    -0.337122
       0.312000     0.703457    -0.335217
       0.313000     0.708771    -0.333283
       0.314000     0.714027    -0.331322
       0.315000     0.719226    -0.329335
       0.316000     0.724366    -0.327321
       0.317000     0.729450    -0.325281
       0.318000     0.734478    -0.323216
       0.319000     0.739449    -0.321126
       0.320000     0.744364    -0.319012
       0.321000     0.749225    -0.316875
       0.322000     0.754030    -0.314714
       0.323000     0.758781    -0.312530
       0.324000     0.763477    -0.310324
       0.325000     0.768120    -0.308097
       0.326000     0.772709    -0.305847
       0.327000     0.777245    -0.303577
       0.328000     0.781728    -0.301286
       0.329000     0.786159    -0.298975
       0.330000     0.790537    -0.296644
       0.331000     0.794864    -0.294294
       0.332000     0.799139    -0.291924
       0.333000     0.803363    -0.289536
       0.334000     0.807536    -0.287129
       0.335000     0.811658    -0.284705
       0.336000     0.815730    -0.282262
       0.337000     0.819752    -0.279803
       0.338000     0.823724    -0.277326
       0.339000     0.827647    -0.274833
       0.340000     0.831520    -0.272323
       0.341000     0.835345    -0.269798
       0.342000     0.839120    -0.267256
       0.343000     0.842847    -0.264699
       0.344000     0.846526    -0.262127
       0.345000     0.850157    -0.259541
       0.346000     0.853740    -0.256939
       0.347000     0.857275    -0.254323
       0.348000     0.860764    -0.251694
       0.349000     0.864205    -0.249050
       0.350000     0.867599    -0.246393
       0.351000     0.870946    -0.243722
       0.352000     0.874247    -0.241039
       0.353000     0.877502    -0.238343
       0.354000     0.880710    -0.235634
       0.355000     0.883873    -0.232913
       0.356000     0.886990    -0.230180
       0.357000     0.890061    -0.227436
       0.358000     0.893088    -0.224679
       0.359000     0.896069    -0.221912
       0.360000     0.899005    -0.219133
       0.361000     0.901896    -0.216343
       0.362000     0.904743    -0.213542
       0.363000     0.907545    -0.210731
       0.364000     0.910303    -0.207910
       0.365000     0.913016    -0.205079
       0.366000     0.915686    -0.202238
       0.367000     0.918312    -0.199387
       0.368000     0.920894    -0.196526
       0.369000     0.923433    -0.193657
       0.370000     0.925928    -0.190778
       0.371000     0.928380    -0.187890
       0.372000     0.930789    -0.184994
       0.373000     0.933155    -0.182089
       0.374000     0.935478    -0.179175
       0.375000     0.937758    -0.176254
       0.376000     0.939996    -0.173324
       0.377000     0.942191    -0.170387
       0.378000     0.944344    -0.167442
       0.379000     0.946455    -0.164489
       0.380000     0.948523    -0.161530
       0.381000     0.950549    -0.158563
       0.382000     0.952534    -0.155589
       0.383000     0.954476    -0.152608
       0.384000     0.956377    -0.149620
       0.385000     0.958237    -0.146626
       0.386000     0.960054    -0.143626
       0.387000     0.961831    -0.140619
       0.388000     0.963566    -0.137607
       0.389000     0.965259    -0.134588
       0.390000     0.966912    -0.131564
       0.391000     0.968523    -0.128534
       0.392000     0.970094    -0.125499
       0.393000     0.971623    -0.122458
       0.394000     0.973112    -0.119413
       0.395000     0.974560    -0.116362
       0.396000     0.975967    -0.113306
       0.397000     0.977334    -0.110246
       0.398000     0.978660    -0.107181
       0.399000     0.979945    -0.104112
       0.400000     0.981191    -0.101038
       0.401000     0.982395    -0.097960
       0.402000     0.983560    -0.094879
       0.403000     0.984684    -0.091793
       0.404000     0.985768    -0.088704
       0.405000     0.986812    -0.085611
       0.406000     0.987816    -0.082514
       0.407000     0.988780    -0.079414
       0.408000     0.989703    -0.076311
       0.409000     0.990587    -0.073205
       0.410000     0.991431    -0.070096
       0.411000     0.992235    -0.066984
       0.412000     0.992999    -0.063869
       0.413000     0.993724    -0.060752
       0.414000     0.994409    -0.057633
       0.415000     0.995054    -0.054511
       0.416000     0.995659    -0.051387
       0.417000     0.996225    -0.048261
       0.418000     0.996751    -0.045133
       0.419000     0.997237    -0.042003
       0.420000     0.997684    -0.038871
       0.421000     0.998091    -0.035738
       0.422000     0.998459    -0.032604
       0.423000     0.998787    -0.029468
       0.424000     0.999075    -0.026331
       0.425000     0.999324    -0.023193
       0.426000     0.999534    -0.020055
       0.427000     0.999704    -0.016915
       0.428000     0.999835    -0.013775
       0.429000     0.999926    -0.010634
       0.430000     0.999977    -0.007492
       0.431000     0.999989    -0.004351
       0.432000     0.999962    -0.001209
       0.433000     0.999895     0.001933
       0.434000     0.999789     0.005074
       0.435000     0.999643     0.008216
       0.436000     0.999458     0.011357
       0.437000     0.999233     0.014498
       0.438000     0.998969     0.017638
       0.439000     0.998665     0.020777
       0.440000     0.998322     0.023916
       0.441000     0.997939     0.027054
       0.442000     0.997516     0.030190
       0.443000     0.997054     0.033326
       0.444000     0.996552     0.036460
       0.445000     0.996011     0.039593
       0.446000     0.995429     0.042724
       0.447000     0.994808     0.045853
       0.448000     0.994148     0.048981
       0.449000     0.993447     0.052106
       0.450000     0.992707     0.055230
       0.451000     0.991926     0.058351
       0.452000     0.991106     0.061470
       0.453000     0.990246     0.064586
       0.454000     0.989346     0.067700
       0.455000     0.988406     0.070811
       0.456000     0.987426     0.073919
       0.457000     0.986405     0.077025
       0.458000     0.985345     0.080127
       0.459000     0.984244     0.083225
       0.460000     0.983103     0.086321
       0.461000     0.981921     0.089413
       0.462000     0.980699     0.092501
       0.463000     0.979436     0.095585
       0.464000     0.978133     0.098666
       0.465000     0.976790     0.101742
       0.466000     0.975405     0.104814
       0.467000     0.973980     0.107882
       0.468000     0.972514     0.110945
       0.469000     0.971007     0.114003
       0.470000     0.969459     0.117057
       0.471000     0.967869     0.120105
       0.472000     0.966239     0.123149
       0.473000     0.964567     0.126187
       0.474000     0.962854     0.129220
       0.475000     0.961100     0.132248
       0.476000     0.959304     0.135269
       0.477000     0.957466     0.138285
       0.478000     0.955587     0.141295
       0.479000     0.953666     0.144298
       0.480000     0.951702     0.147295
       0.481000     0.949697     0.150286
       0.482000     0.947650     0.153270
       0.483000     0.945560     0.156247
       0.484000     0.943428     0.159217
       0.485000     0.941253     0.162180
       0.486000     0.939036     0.165136
       0.487000     0.936776     0.168084
       0.488000     0.934473     0.171024
       0.489000     0.932127     0.173957
       0.490000     0.929737     0.176881
       0.491000     0.927305     0.179798
       0.492000     0.924829     0.182705
       0.493000     0.922309     0.185605
       0.494000     0.919746     0.188495
       0.495000     0.917139     0.191376
       0.496000     0.914488     0.194249
       0.497000     0.911792     0.197111
       0.498000     0.909053     0.199965
       0.499000     0.906269     0.202808
       0.500000     0.903440     0.205642
       0.501000     0.900566     0.208465
       0.502000     0.897647     0.211278
       0.503000     0.894684     0.214080
       0.504000     0.891674     0.216871
       0.505000     0.888619     0.219652
       0.506000     0.885519     0.222420
       0.507000     0.882372     0.225178
       0.508000     0.879180     0.227924
       0.509000     0.875941     0.230657
       0.510000     0.872655     0.233379
       0.511000     0.869323     0.236087
       0.512000     0.865944     0.238784
       0.513000     0.862518     0.241467
       0.514000     0.859044     0.244137
       0.515000     0.855523     0.246793
       0.516000     0.851954     0.249435
       0.517000     0.848336     0.252064
       0.518000     0.844671     0.254678
       0.519000     0.840957     0.257278
       0.520000     0.837194     0.259862
       0.521000     0.833382     0.262431
       0.522000     0.829520     0.264985
       0.523000     0.825610     0.267523
       0.524000     0.821649     0.270045
       0.525000     0.817638     0.272550
       0.526000     0.813576     0.275039
       0.527000     0.809464     0.277510
       0.528000     0.805301     0.279964
       0.529000     0.801087     0.282400
       0.530000     0.796821     0.284818
       0.531000     0.792503     0.287217
       0.532000     0.788133     0.289597
       0.533000     0.783710     0.291958
       0.534000     0.779235     0.294300
       0.535000     0.774706     0.296621
       0.536000     0.770124     0.298921
       0.537000     0.765487     0.301201
       0.538000     0.760797     0.303460
       0.539000     0.756052     0.305696
       0.540000     0.751251     0.307911
       0.541000     0.746396     0.310102
       0.542000     0.741484     0.312271
       0.543000     0.736517     0.314416
       0.544000     0.731492     0.316536
       0.545000     0.726411     0.318632
       0.546000     0.721272     0.320703
       0.547000     0.716075     0.322748
       0.548000     0.710820     0.324766
       0.549000     0.705506     0.326758
       0.550000     0.700133     0.328723
       0.551000     0.694701     0.330659
       0.552000     0.689208     0.332567
       0.553000     0.683654     0.334445
       0.554000     0.678039     0.336294
       0.555000     0.672362     0.338111
       0.556000     0.666623     0.339898
       0.557000     0.660821     0.341652
       0.558000     0.654956     0.343374
       0.559000     0.649027     0.345062
       0.560000     0.643033     0.346716
       0.561000     0.636975     0.348335
       0.562000     0.630850     0.349918
       0.563000     0.624659     0.351464
       0.564000     0.618402     0.352972
       0.565000     0.612076     0.354442
       0.566000     0.605683     0.355872
       0.567000     0.599220     0.357262
       0.568000     0.592688     0.358610
       0.569000     0.586085     0.359916
       0.570000     0.579411     0.361177
       0.571000     0.572665     0.362395
       0.572000     0.565847     0.363566
       0.573000     0.558955     0.364690
       0.574000     0.551989     0.365765
       0.575000     0.544948     0.366791
       0.576000     0.537831     0.367766
       0.577000     0.530638     0.368688
       0.578000     0.523366     0.369556
       0.579000     0.516016     0.370369
       0.580000     0.508587     0.371125
       0.581000     0.501077     0.371822
       0.582000     0.493486     0.372458
       0.583000     0.485812     0.373033
       0.584000     0.478055     0.373543
       0.585000     0.470213     0.373987
       0.586000     0.462286     0.374363
       0.587000     0.454272     0.374669
       0.588000     0.446170     0.374903
       0.589000     0.437979     0.375062
       0.590000     0.429698     0.375143
       0.591000     0.421326     0.375145
       0.592000     0.412860     0.375064
       0.593000     0.404301     0.374898
       0.594000     0.395647     0.374643
       0.595000     0.386896     0.374298
       0.596000     0.378048     0.373857
       0.597000     0.369100     0.373318
       0.598000     0.360051     0.372678
       0.599000     0.350900     0.371931
       0.600000     0.341646     0.371075
       0.601000     0.332286     0.370105
       0.602000     0.322820     0.369016
       0.603000     0.313246     0.367803
       0.604000     0.303562     0.366462
       0.605000     0.293767     0.364986
       0.606000     0.283859     0.363370
       0.607000     0.273836     0.361608
       0.608000     0.263698     0.359693
       0.609000     0.253443     0.357618
       0.610000     0.243069     0.355375
       0.611000     0.232574     0.352956
       0.612000     0.221958     0.350353
       0.613000     0.211219     0.347556
       0.614000     0.200356     0.344555
       0.615000     0.189369     0.341340
       0.616000     0.178255     0.337897
       0.617000     0.167015     0.334216
       0.618000     0.155649     0.330281
       0.619000     0.144157     0.326079
       0.620000     0.132539     0.321592
       0.621000     0.120797     0.316804
       0.622000     0.108932     0.311695
       0.623000     0.096948     0.306244
       0.624000     0.084849     0.300428
       0.625000     0.072639     0.294223
       0.626000     0.060326     0.287600
       0.627000     0.047920     0.280530
       0.628000     0.035431     0.272979
       0.629000     0.022876     0.264912
       0.630000     0.010272     0.256288
       0.631000    -0.002356     0.247065
       0.632000    -0.014977     0.237195
       0.633000    -0.027555     0.226627
       0.634000    -0.040041     0.215308
       0.635000    -0.052377     0.203179
       0.636000    -0.064488     0.190182
       0.637000    -0.076286     0.176258
       0.638000    -0.087658     0.161352
       0.639000    -0.098471     0.145416
       0.640000    -0.108567     0.128421
       0.641000    -0.117761     0.110360
       0.642000    -0.125850     0.091263
       0.643000    -0.132616     0.071206
       0.644000    -0.137847     0.050325
       0.645000    -0.141355     0.028816
       0.646000    -0.143005     0.006927
       0.647000    -0.142732    -0.015054
       0.648000    -0.140552    -0.036835
       0.649000    -0.136564    -0.058141
       0.650000    -0.130927    -0.078746
       0.651000    -0.123840    -0.098479
       0.652000    -0.115519    -0.117230
       0.653000    -0.106175    -0.134943
       0.654000    -0.096004    -0.151604
       0.655000    -0.085176    -0.167229
       0.656000    -0.073839    -0.181856
       0.657000    -0.062117    -0.195532
       0.658000    -0.050111    -0.208315
       0.659000    -0.037904    -0.220262
       0.660000    -0.025563    -0.231430
       0.661000    -0.013142    -0.241874
       0.662000    -0.000685    -0.251646
       0.663000     0.011775    -0.260795
       0.664000     0.024208    -0.269365
       0.665000     0.036593    -0.277398
       0.666000     0.048912    -0.284931
       0.667000     0.061151    -0.291998
       0.668000     0.073299    -0.298631
       0.669000     0.085347    -0.304858
       0.670000     0.097290    -0.310706
       0.671000     0.109121    -0.316199
       0.672000     0.120836    -0.321358
       0.673000     0.132435    -0.326204
       0.674000     0.143913    -0.330755
       0.675000     0.155270    -0.335027
       0.676000     0.166505    -0.339037
       0.677000     0.177619    -0.342798
       0.678000     0.188611    -0.346324
       0.679000     0.199481    -0.349627
       0.680000     0.210230    -0.352719
       0.681000     0.220860    -0.355609
       0.682000     0.231370    -0.358308
       0.683000     0.241763    -0.360825
       0.684000     0.252040    -0.363168
       0.685000     0.262201    -0.365345
       0.686000     0.272249    -0.367363
       0.687000     0.282184    -0.369230
       0.688000     0.292008    -0.370951
       0.689000     0.301722    -0.372534
       0.690000     0.311329    -0.373982
       0.691000     0.320829    -0.375303
       0.692000     0.330223    -0.376500
       0.693000     0.339514    -0.377580
       0.694000     0.348702    -0.378545
       0.695000     0.357789    -0.379401
       0.696000     0.366777    -0.380151
       0.697000     0.375667    -0.380799
       0.698000     0.384459    -0.381349
       0.699000     0.393156    -0.381804
       0.700000     0.401759    -0.382168
       0.701000     0.410269    -0.382443
       0.702000     0.418687    -0.382633
       0.703000     0.427014    -0.382739
       0.704000     0.435252    -0.382766
       0.705000     0.443402    -0.382715
       0.706000     0.451464    -0.382589
       0.707000     0.459441    -0.382390
       0.708000     0.467332    -0.382120
       0.709000     0.475140    -0.381782
       0.710000     0.482865    -0.381377
       0.711000     0.490508    -0.380908
       0.712000     0.498071    -0.380375
       0.713000     0.505553    -0.379782
       0.714000     0.512956    -0.379130
       0.715000     0.520282    -0.378419
       0.716000     0.527530    -0.377653
       0.717000     0.534702    -0.376832
       0.718000     0.541799    -0.375958
       0.719000     0.548821    -0.375032
       0.720000     0.555769    -0.374056
       0.721000     0.562644    -0.373031
       0.722000     0.569447    -0.371957
       0.723000     0.576179    -0.370838
       0.724000     0.582840    -0.369672
       0.725000     0.589431    -0.368462
       0.726000     0.595952    -0.367209
       0.727000     0.602405    -0.365914
       0.728000     0.608791    -0.364577
       0.729000     0.615108    -0.363200
       0.730000     0.621360    -0.361784
       0.731000     0.627545    -0.360330
       0.732000     0.633665    -0.358837
       0.733000     0.639720    -0.357309
       0.734000     0.645711    -0.355744
       0.735000     0.651638    -0.354144
       0.736000     0.657502    -0.352510
       0.737000     0.663304    -0.350842
       0.738000     0.669044    -0.349142
       0.739000     0.674722    -0.347410
       0.740000     0.680339    -0.345646
       0.741000     0.685896    -0.343851
       0.742000     0.691393    -0.342027
       0.743000     0.696831    -0.340173
       0.744000     0.702209    -0.338290
       0.745000     0.707529    -0.336379
       0.746000     0.712791    -0.334440
       0.747000     0.717995    -0.332475
       0.748000     0.723142    -0.330483
       0.749000     0.728232    -0.328464
       0.750000     0.733266    -0.326421
       0.751000     0.738244    -0.324352
       0.752000     0.743166    -0.322260
       0.753000     0.748033    -0.320143
       0.754000     0.752845    -0.318002
       0.755000     0.757603    -0.315839
       0.756000     0.762307    -0.313653
       0.757000     0.766957    -0.311445
       0.758000     0.771553    -0.309216
       0.759000     0.776097    -0.306965
       0.760000     0.780588    -0.304693
       0.761000     0.785026    -0.302401
       0.762000     0.789412    -0.300089
       0.763000     0.793747    -0.297757
       0.764000     0.798030    -0.295406
       0.765000     0.802262    -0.293036
       0.766000     0.806443    -0.290647
       0.767000     0.810574    -0.288240
       0.768000     0.814655    -0.285815
       0.769000     0.818685    -0.283373
       0.770000     0.822666    -0.280913
       0.771000     0.826597    -0.278437
       0.772000     0.830479    -0.275944
       0.773000     0.834312    -0.273435
       0.774000     0.838097    -0.270910
       0.775000     0.841833    -0.268369
       0.776000     0.845521    -0.265813
       0.777000     0.849161    -0.263242
       0.778000     0.852753    -0.260656
       0.779000     0.856298    -0.258055
       0.780000     0.859796    -0.255440
       0.781000     0.863246    -0.252811
       0.782000     0.866650    -0.250169
       0.783000     0.870007    -0.247513
       0.784000     0.873318    -0.244844
       0.785000     0.876582    -0.242162
       0.786000     0.879801    -0.239467
       0.787000     0.882973    -0.236760
       0.788000     0.886100    -0.234040
       0.789000     0.889182    -0.231309
       0.790000     0.892218    -0.228566
       0.791000     0.895209    -0.225811
       0.792000     0.898156    -0.223045
       0.793000     0.901057    -0.220267
       0.794000     0.903914    -0.217479
       0.795000     0.906727    -0.214680
       0.796000     0.909495    -0.211871
       0.797000     0.912219    -0.209051
       0.798000     0.914900    -0.206222
       0.799000     0.917536    -0.203382
       0.800000     0.920129    -0.200533
       0.801000     0.922678    -0.197674
       0.802000     0.925184    -0.194806
       0.803000     0.927647    -0.191929
       0.804000     0.930067    -0.189043
       0.805000     0.932444    -0.186149
       0.806000     0.934778    -0.183245
       0.807000     0.937069    -0.180334
       0.808000     0.939318    -0.177414
       0.809000     0.941524    -0.174486
       0.810000     0.943688    -0.171550
       0.811000     0.945810    -0.168607
       0.812000     0.947889    -0.165656
       0.813000     0.949927    -0.162698
       0.814000     0.951923    -0.159733
       0.815000     0.953876    -0.156760
       0.816000     0.955789    -0.153781
       0.817000     0.957659    -0.150795
       0.818000     0.959488    -0.147803
       0.819000     0.961276    -0.144804
       0.820000     0.963023    -0.141799
       0.821000     0.964728    -0.138787
       0.822000     0.966392    -0.135770
       0.823000     0.968015    -0.132748
       0.824000     0.969597    -0.129719
       0.825000     0.971138    -0.126685
       0.826000     0.972639    -0.123646
       0.827000     0.974098    -0.120602
       0.828000     0.975517    -0.117552
       0.829000     0.976895    -0.114498
       0.830000     0.978233    -0.111439
       0.831000     0.979531    -0.108375
       0.832000     0.980788    -0.105307
       0.833000     0.982004    -0.102234
       0.834000     0.983181    -0.099158
       0.835000     0.984317    -0.096077
       0.836000     0.985413    -0.092992
       0.837000     0.986468    -0.089904
       0.838000     0.987484    -0.086812
       0.839000     0.988460    -0.083716
       0.840000     0.989396    -0.080617
       0.841000     0.990291    -0.077515
       0.842000     0.991147    -0.074409
       0.843000     0.991963    -0.071301
       0.844000     0.992740    -0.068190
       0.845000     0.993476    -0.065076
       0.846000     0.994173    -0.061959
       0.847000     0.994830    -0.058840
       0.848000     0.995447    -0.055719
       0.849000     0.996025    -0.052595
       0.850000     0.996563    -0.049469
       0.851000     0.997062    -0.046342
       0.852000     0.997520    -0.043212
       0.853000     0.997940    -0.040081
       0.854000     0.998320    -0.036948
       0.855000     0.998660    -0.033814
       0.856000     0.998961    -0.030678
       0.857000     0.999222    -0.027541
       0.858000     0.999444    -0.024403
       0.859000     0.999626    -0.021264
       0.860000     0.999769    -0.018125
       0.861000     0.999872    -0.014984
       0.862000     0.999936    -0.011843
       0.863000     0.999960    -0.008702
       0.864000     0.999945    -0.005560
       0.865000     0.999890    -0.002418
       0.866000     0.999796     0.000724
       0.867000     0.999663     0.003867
       0.868000     0.999489     0.007009
       0.869000     0.999277     0.010150
       0.870000     0.999025     0.013292
       0.871000     0.998733     0.016432
       0.872000     0.998402     0.019572
       0.873000     0.998031     0.022712
       0.874000     0.997620     0.025850
       0.875000     0.997170     0.028988
       0.876000     0.996681     0.032124
       0.877000     0.996151     0.035259
       0.878000     0.995582     0.038393
       0.879000     0.994973     0.041525
       0.880000     0.994325     0.044655
       0.881000     0.993636     0.047784
       0.882000     0.992908     0.050910
       0.883000     0.992140     0.054035
       0.884000     0.991332     0.057157
       0.885000     0.990484     0.060278
       0.886000     0.989595     0.063395
       0.887000     0.988667     0.066510
       0.888000     0.987699     0.069623
       0.889000     0.986691     0.072733
       0.890000     0.985642     0.075839
       0.891000     0.984553     0.078943
       0.892000     0.983424     0.082043
       0.893000     0.982254     0.085140
       0.894000     0.981044     0.088234
       0.895000     0.979793     0.091323
       0.896000     0.978502     0.094409
       0.897000     0.977170     0.097491
       0.898000     0.975797     0.100570
       0.899000     0.974384     0.103643
       0.900000     0.972930     0.106713
       0.901000     0.971434     0.109778
       0.902000     0.969898     0.112838
       0.903000     0.968320     0.115894
       0.904000     0.966702     0.118944
       0.905000     0.965042     0.121990
       0.906000     0.963340     0.125030
       0.907000     0.961597     0.128065
       0.908000     0.959813     0.131095
       0.909000     0.957987     0.134118
       0.910000     0.956119     0.137136
       0.911000     0.954209     0.140148
       0.912000     0.952257     0.143154
       0.913000     0.950263     0.146153
       0.914000     0.948227     0.149146
       0.915000     0.946149     0.152132
       0.916000     0.944028     0.155112
       0.917000     0.941864     0.158084
       0.918000     0.939658     0.161049
       0.919000     0.937409     0.164007
       0.920000     0.935117     0.166957
       0.921000     0.932782     0.169900
       0.922000     0.930404     0.172835
       0.923000     0.927983     0.175762
       0.924000     0.925518     0.178680
       0.925000     0.923009     0.181590
       0.926000     0.920456     0.184492
       0.927000     0.917860     0.187384
       0.928000     0.915220     0.190268
       0.929000     0.912535     0.193143
       0.930000     0.909806     0.196008
       0.931000     0.907033     0.198863
       0.932000     0.904214     0.201709
       0.933000     0.901351     0.204545
       0.934000     0.898443     0.207370
       0.935000     0.895489     0.210185
       0.936000     0.892490     0.212989
       0.937000     0.889446     0.215783
       0.938000     0.886355     0.218565
       0.939000     0.883219     0.221336
       0.940000     0.880036     0.224096
       0.941000     0.876808     0.226843
       0.942000     0.873532     0.229579
       0.943000     0.870210     0.232302
       0.944000     0.866840     0.235013
       0.945000     0.863424     0.237711
       0.946000     0.859960     0.240396
       0.947000     0.856448     0.243067
       0.948000     0.852888     0.245725
       0.949000     0.849281     0.248369
       0.950000     0.845624     0.250999
       0.951000     0.841920     0.253614
       0.952000     0.838166     0.256215
       0.953000     0.834363     0.258801
       0.954000     0.830511     0.261371
       0.955000     0.826609     0.263926
       0.956000     0.822657     0.266465
       0.957000     0.818655     0.268987
       0.958000     0.814602     0.271493
       0.959000     0.810499     0.273982
       0.960000     0.806344     0.276454
       0.961000     0.802138     0.278908
       0.962000     0.797881     0.281344
       0.963000     0.793571     0.283762
       0.964000     0.789209     0.286161
       0.965000     0.784794     0.288541
       0.966000     0.780327     0.290901
       0.967000     0.775806     0.293242
       0.968000     0.771231     0.295562
       0.969000     0.766602     0.297862
       0.970000     0.761919     0.300140
       0.971000     0.757181     0.302397
       0.972000     0.752388     0.304632
       0.973000     0.747540     0.306844
       0.974000     0.742635     0.309034
       0.975000     0.737674     0.311200
       0.976000     0.732657     0.313342
       0.977000     0.727582     0.315459
       0.978000     0.722450     0.317552
       0.979000     0.717259     0.319619
       0.980000     0.712010     0.321660
       0.981000     0.706703     0.323675
       0.982000     0.701335     0.325662
       0.983000     0.695908     0.327621
       0.984000     0.690421     0.329552
       0.985000     0.684873     0.331454
       0.986000     0.679263     0.333326
       0.987000     0.673591     0.335168
       0.988000     0.667857     0.336979
       0.989000     0.662060     0.338758
       0.990000     0.656200     0.340504
       0.991000     0.650275     0.342218
       0.992000     0.644285     0.343897
       0.993000     0.638231     0.345541
       0.994000     0.632110     0.347150
       0.995000     0.625923     0.348722
       0.996000     0.619669     0.350256
       0.997000     0.613347     0.351753
       0.998000     0.606956     0.353210
       0.999000     0.600496     0.354626